7.000000000000000000e+03 -9.000000000000000000e+01 -1.800000000000000000e+02 3.906641000000000349e+04 9.317579999999999927e+03 6.368710000000000036e+03 -9.317579999999999927e+03 6.368710000000000036e+03 -3.906641000000000349e+04
7.000000000000000000e+03 -7.200000000000000000e+01 -1.440000000000000000e+02 4.116995999999999913e+04 -4.398659999999999854e+03 9.915000000000000000e+03 4.398659999999999854e+03 9.915000000000000000e+03 -4.116995999999999913e+04
7.000000000000000000e+03 -5.400000000000000000e+01 -1.080000000000000000e+02 2.778695000000000073e+04 -1.404523999999999978e+04 7.830399999999999636e+03 1.404523999999999978e+04 7.830399999999999636e+03 -2.778695000000000073e+04
7.000000000000000000e+03 -3.600000000000000000e+01 -7.200000000000000000e+01 1.234584000000000015e+04 -1.533810000000000036e+04 8.509099999999999682e+02 1.533810000000000036e+04 8.509099999999999682e+02 -1.234584000000000015e+04
7.000000000000000000e+03 -1.800000000000000000e+01 -3.600000000000000000e+01 1.165856999999999971e+04 -1.357196999999999935e+04 -5.162859999999999673e+03 1.357196999999999935e+04 -5.162859999999999673e+03 -1.165856999999999971e+04
7.000000000000000000e+03 0.000000000000000000e+00 0.000000000000000000e+00 9.890319999999999709e+03 -2.044815000000000146e+04 -1.859710000000000036e+03 2.044815000000000146e+04 -1.859710000000000036e+03 -9.890319999999999709e+03
7.000000000000000000e+03 1.800000000000000000e+01 3.600000000000000000e+01 -1.114737000000000080e+04 -2.582268999999999869e+04 1.098559999999999945e+03 2.582268999999999869e+04 1.098559999999999945e+03 1.114737000000000080e+04
7.000000000000000000e+03 3.600000000000000000e+01 7.200000000000000000e+01 -3.092874000000000160e+04 -2.168370999999999913e+04 9.665599999999999454e+02 2.168370999999999913e+04 9.665599999999999454e+02 3.092874000000000160e+04
7.000000000000000000e+03 5.400000000000000000e+01 1.080000000000000000e+02 -4.233976000000000204e+04 -1.323242000000000007e+04 -1.181160000000000082e+03 1.323242000000000007e+04 -1.181160000000000082e+03 4.233976000000000204e+04
7.000000000000000000e+03 7.200000000000000000e+01 1.440000000000000000e+02 -4.392487000000000262e+04 -6.532590000000000146e+03 -1.195640000000000100e+03 6.532590000000000146e+03 -1.195640000000000100e+03 4.392487000000000262e+04
7.000000000000000000e+03 9.000000000000000000e+01 1.800000000000000000e+02 -4.365093000000000029e+04 9.800900000000000318e+02 2.378899999999999864e+02 -9.800900000000000318e+02 2.378899999999999864e+02 4.365093000000000029e+04
