-1.5707963267948966,-3.141592653589793,-9.798277824247561
-1.490242669010543,-3.141592653589793,-9.798277824247561
-1.4096890112261893,-3.141592653589793,-9.798277824247561
-1.3291353534418358,-3.141592653589793,-9.79827782424756
-1.248581695657482,-3.141592653589793,-9.798277824247556
-1.1680280378731285,-3.141592653589793,-9.798277824247554
-1.0874743800887745,-3.141592653589793,-9.79827782424755
-1.006920722304421,-3.141592653589793,-9.798277824247549
-0.9263670645200672,-3.141592653589793,-9.798277824247544
-0.8458134067357136,-3.141592653589793,-9.79827782424754
-0.7652597489513601,-3.141592653589793,-9.798277824247537
-0.6847060911670062,-3.141592653589793,-9.798277824247533
-0.6041524333826527,-3.141592653589793,-9.79827782424753
-0.523598775598299,-3.141592653589793,-9.798277824247526
-0.44304511781394523,-3.141592653589793,-9.798277824247522
-0.3624914600295916,-3.141592653589793,-9.79827782424752
-0.28193780224523796,-3.141592653589793,-9.798277824247517
-0.20138414446088432,-3.141592653589793,-9.798277824247515
-0.1208304866765307,-3.141592653589793,-9.798277824247515
-0.04027682889217706,-3.141592653589793,-9.798277824247513
0.04027682889217657,-3.141592653589793,-9.798277824247513
0.12083048667653044,-3.141592653589793,-9.798277824247515
0.2013841444608841,-3.141592653589793,-9.798277824247515
0.28193780224523773,-3.141592653589793,-9.798277824247517
0.3624914600295914,-3.141592653589793,-9.79827782424752
0.44304511781394496,-3.141592653589793,-9.798277824247522
0.5235987755982986,-3.141592653589793,-9.798277824247526
0.6041524333826522,-3.141592653589793,-9.79827782424753
0.6847060911670061,-3.141592653589793,-9.798277824247533
0.7652597489513597,-3.141592653589793,-9.798277824247537
0.8458134067357134,-3.141592653589793,-9.79827782424754
0.926367064520067,-3.141592653589793,-9.798277824247544
1.0069207223044208,-3.141592653589793,-9.798277824247549
1.0874743800887743,-3.141592653589793,-9.79827782424755
1.168028037873128,-3.141592653589793,-9.798277824247554
1.2485816956574816,-3.141592653589793,-9.798277824247556
1.329135353441835,-3.141592653589793,-9.79827782424756
1.4096890112261888,-3.141592653589793,-9.798277824247561
1.4902426690105424,-3.141592653589793,-9.798277824247561
1.5707963267948966,-3.141592653589793,-9.798277824247561
-1.5707963267948966,-2.980485338021086,-9.798277824247561
-1.490242669010543,-2.980485338021086,-9.798277824247561
-1.4096890112261893,-2.980485338021086,-9.798277824247561
-1.3291353534418358,-2.980485338021086,-9.79827782424756
-1.248581695657482,-2.980485338021086,-9.798277824247556
-1.1680280378731285,-2.980485338021086,-9.798277824247554
-1.0874743800887745,-2.980485338021086,-9.79827782424755
-1.006920722304421,-2.980485338021086,-9.798277824247549
-0.9263670645200672,-2.980485338021086,-9.798277824247544
-0.8458134067357136,-2.980485338021086,-9.79827782424754
-0.7652597489513601,-2.980485338021086,-9.798277824247537
-0.6847060911670062,-2.980485338021086,-9.798277824247533
-0.6041524333826527,-2.980485338021086,-9.79827782424753
-0.523598775598299,-2.980485338021086,-9.798277824247526
-0.44304511781394523,-2.980485338021086,-9.798277824247522
-0.3624914600295916,-2.980485338021086,-9.79827782424752
-0.28193780224523796,-2.980485338021086,-9.798277824247517
-0.20138414446088432,-2.980485338021086,-9.798277824247515
-0.1208304866765307,-2.980485338021086,-9.798277824247515
-0.04027682889217706,-2.980485338021086,-9.798277824247513
0.04027682889217657,-2.980485338021086,-9.798277824247513
0.12083048667653044,-2.980485338021086,-9.798277824247515
0.2013841444608841,-2.980485338021086,-9.798277824247515
0.28193780224523773,-2.980485338021086,-9.798277824247517
0.3624914600295914,-2.980485338021086,-9.79827782424752
0.44304511781394496,-2.980485338021086,-9.798277824247522
0.5235987755982986,-2.980485338021086,-9.798277824247526
0.6041524333826522,-2.980485338021086,-9.79827782424753
0.6847060911670061,-2.980485338021086,-9.798277824247533
0.7652597489513597,-2.980485338021086,-9.798277824247537
0.8458134067357134,-2.980485338021086,-9.79827782424754
0.926367064520067,-2.980485338021086,-9.798277824247544
1.0069207223044208,-2.980485338021086,-9.798277824247549
1.0874743800887743,-2.980485338021086,-9.79827782424755
1.168028037873128,-2.980485338021086,-9.798277824247554
1.2485816956574816,-2.980485338021086,-9.798277824247556
1.329135353441835,-2.980485338021086,-9.79827782424756
1.4096890112261888,-2.980485338021086,-9.798277824247561
1.4902426690105424,-2.980485338021086,-9.798277824247561
1.5707963267948966,-2.980485338021086,-9.798277824247561
-1.5707963267948966,-2.8193780224523786,-9.798277824247561
-1.490242669010543,-2.8193780224523786,-9.798277824247561
-1.4096890112261893,-2.8193780224523786,-9.798277824247561
-1.3291353534418358,-2.8193780224523786,-9.79827782424756
-1.248581695657482,-2.8193780224523786,-9.798277824247558
-1.1680280378731285,-2.8193780224523786,-9.798277824247554
-1.0874743800887745,-2.8193780224523786,-9.79827782424755
-1.006920722304421,-2.8193780224523786,-9.798277824247549
-0.9263670645200672,-2.8193780224523786,-9.798277824247544
-0.8458134067357136,-2.8193780224523786,-9.79827782424754
-0.7652597489513601,-2.8193780224523786,-9.798277824247537
-0.6847060911670062,-2.8193780224523786,-9.798277824247533
-0.6041524333826527,-2.8193780224523786,-9.79827782424753
-0.523598775598299,-2.8193780224523786,-9.798277824247526
-0.44304511781394523,-2.8193780224523786,-9.798277824247522
-0.3624914600295916,-2.8193780224523786,-9.79827782424752
-0.28193780224523796,-2.8193780224523786,-9.798277824247517
-0.20138414446088432,-2.8193780224523786,-9.798277824247515
-0.1208304866765307,-2.8193780224523786,-9.798277824247515
-0.04027682889217706,-2.8193780224523786,-9.798277824247513
0.04027682889217657,-2.8193780224523786,-9.798277824247513
0.12083048667653044,-2.8193780224523786,-9.798277824247515
0.2013841444608841,-2.8193780224523786,-9.798277824247515
0.28193780224523773,-2.8193780224523786,-9.798277824247517
0.3624914600295914,-2.8193780224523786,-9.79827782424752
0.44304511781394496,-2.8193780224523786,-9.798277824247522
0.5235987755982986,-2.8193780224523786,-9.798277824247526
0.6041524333826522,-2.8193780224523786,-9.79827782424753
0.6847060911670061,-2.8193780224523786,-9.798277824247533
0.7652597489513597,-2.8193780224523786,-9.798277824247537
0.8458134067357134,-2.8193780224523786,-9.79827782424754
0.926367064520067,-2.8193780224523786,-9.798277824247544
1.0069207223044208,-2.8193780224523786,-9.798277824247549
1.0874743800887743,-2.8193780224523786,-9.79827782424755
1.168028037873128,-2.8193780224523786,-9.798277824247554
1.2485816956574816,-2.8193780224523786,-9.798277824247558
1.329135353441835,-2.8193780224523786,-9.79827782424756
1.4096890112261888,-2.8193780224523786,-9.798277824247561
1.4902426690105424,-2.8193780224523786,-9.798277824247561
1.5707963267948966,-2.8193780224523786,-9.798277824247561
-1.5707963267948966,-2.6582707068836715,-9.798277824247561
-1.490242669010543,-2.6582707068836715,-9.798277824247561
-1.4096890112261893,-2.6582707068836715,-9.798277824247561
-1.3291353534418358,-2.6582707068836715,-9.79827782424756
-1.248581695657482,-2.6582707068836715,-9.798277824247558
-1.1680280378731285,-2.6582707068836715,-9.798277824247554
-1.0874743800887745,-2.6582707068836715,-9.79827782424755
-1.006920722304421,-2.6582707068836715,-9.798277824247549
-0.9263670645200672,-2.6582707068836715,-9.798277824247544
-0.8458134067357136,-2.6582707068836715,-9.79827782424754
-0.7652597489513601,-2.6582707068836715,-9.798277824247537
-0.6847060911670062,-2.6582707068836715,-9.798277824247533
-0.6041524333826527,-2.6582707068836715,-9.79827782424753
-0.523598775598299,-2.6582707068836715,-9.798277824247526
-0.44304511781394523,-2.6582707068836715,-9.798277824247522
-0.3624914600295916,-2.6582707068836715,-9.79827782424752
-0.28193780224523796,-2.6582707068836715,-9.798277824247517
-0.20138414446088432,-2.6582707068836715,-9.798277824247515
-0.1208304866765307,-2.6582707068836715,-9.798277824247515
-0.04027682889217706,-2.6582707068836715,-9.798277824247513
0.04027682889217657,-2.6582707068836715,-9.798277824247513
0.12083048667653044,-2.6582707068836715,-9.798277824247515
0.2013841444608841,-2.6582707068836715,-9.798277824247515
0.28193780224523773,-2.6582707068836715,-9.798277824247517
0.3624914600295914,-2.6582707068836715,-9.79827782424752
0.44304511781394496,-2.6582707068836715,-9.798277824247522
0.5235987755982986,-2.6582707068836715,-9.798277824247526
0.6041524333826522,-2.6582707068836715,-9.79827782424753
0.6847060911670061,-2.6582707068836715,-9.798277824247533
0.7652597489513597,-2.6582707068836715,-9.798277824247537
0.8458134067357134,-2.6582707068836715,-9.79827782424754
0.926367064520067,-2.6582707068836715,-9.798277824247544
1.0069207223044208,-2.6582707068836715,-9.798277824247549
1.0874743800887743,-2.6582707068836715,-9.79827782424755
1.168028037873128,-2.6582707068836715,-9.798277824247554
1.2485816956574816,-2.6582707068836715,-9.798277824247558
1.329135353441835,-2.6582707068836715,-9.79827782424756
1.4096890112261888,-2.6582707068836715,-9.798277824247561
1.4902426690105424,-2.6582707068836715,-9.798277824247561
1.5707963267948966,-2.6582707068836715,-9.798277824247561
-1.5707963267948966,-2.497163391314964,-9.798277824247561
-1.490242669010543,-2.497163391314964,-9.798277824247561
-1.4096890112261893,-2.497163391314964,-9.798277824247561
-1.3291353534418358,-2.497163391314964,-9.79827782424756
-1.248581695657482,-2.497163391314964,-9.798277824247558
-1.1680280378731285,-2.497163391314964,-9.798277824247554
-1.0874743800887745,-2.497163391314964,-9.79827782424755
-1.006920722304421,-2.497163391314964,-9.798277824247549
-0.9263670645200672,-2.497163391314964,-9.798277824247545
-0.8458134067357136,-2.497163391314964,-9.79827782424754
-0.7652597489513601,-2.497163391314964,-9.798277824247537
-0.6847060911670062,-2.497163391314964,-9.798277824247533
-0.6041524333826527,-2.497163391314964,-9.79827782424753
-0.523598775598299,-2.497163391314964,-9.798277824247526
-0.44304511781394523,-2.497163391314964,-9.798277824247522
-0.3624914600295916,-2.497163391314964,-9.79827782424752
-0.28193780224523796,-2.497163391314964,-9.798277824247517
-0.20138414446088432,-2.497163391314964,-9.798277824247515
-0.1208304866765307,-2.497163391314964,-9.798277824247515
-0.04027682889217706,-2.497163391314964,-9.798277824247513
0.04027682889217657,-2.497163391314964,-9.798277824247513
0.12083048667653044,-2.497163391314964,-9.798277824247515
0.2013841444608841,-2.497163391314964,-9.798277824247515
0.28193780224523773,-2.497163391314964,-9.798277824247517
0.3624914600295914,-2.497163391314964,-9.79827782424752
0.44304511781394496,-2.497163391314964,-9.798277824247522
0.5235987755982986,-2.497163391314964,-9.798277824247526
0.6041524333826522,-2.497163391314964,-9.79827782424753
0.6847060911670061,-2.497163391314964,-9.798277824247533
0.7652597489513597,-2.497163391314964,-9.798277824247537
0.8458134067357134,-2.497163391314964,-9.79827782424754
0.926367064520067,-2.497163391314964,-9.798277824247545
1.0069207223044208,-2.497163391314964,-9.798277824247549
1.0874743800887743,-2.497163391314964,-9.79827782424755
1.168028037873128,-2.497163391314964,-9.798277824247554
1.2485816956574816,-2.497163391314964,-9.798277824247558
1.329135353441835,-2.497163391314964,-9.79827782424756
1.4096890112261888,-2.497163391314964,-9.798277824247561
1.4902426690105424,-2.497163391314964,-9.798277824247561
1.5707963267948966,-2.497163391314964,-9.798277824247561
-1.5707963267948966,-2.336056075746257,-9.798277824247561
-1.490242669010543,-2.336056075746257,-9.798277824247561
-1.4096890112261893,-2.336056075746257,-9.798277824247561
-1.3291353534418358,-2.336056075746257,-9.79827782424756
-1.248581695657482,-2.336056075746257,-9.798277824247558
-1.1680280378731285,-2.336056075746257,-9.798277824247554
-1.0874743800887745,-2.336056075746257,-9.79827782424755
-1.006920722304421,-2.336056075746257,-9.798277824247549
-0.9263670645200672,-2.336056075746257,-9.798277824247545
-0.8458134067357136,-2.336056075746257,-9.79827782424754
-0.7652597489513601,-2.336056075746257,-9.798277824247537
-0.6847060911670062,-2.336056075746257,-9.798277824247533
-0.6041524333826527,-2.336056075746257,-9.79827782424753
-0.523598775598299,-2.336056075746257,-9.798277824247526
-0.44304511781394523,-2.336056075746257,-9.798277824247522
-0.3624914600295916,-2.336056075746257,-9.79827782424752
-0.28193780224523796,-2.336056075746257,-9.798277824247517
-0.20138414446088432,-2.336056075746257,-9.798277824247515
-0.1208304866765307,-2.336056075746257,-9.798277824247515
-0.04027682889217706,-2.336056075746257,-9.798277824247513
0.04027682889217657,-2.336056075746257,-9.798277824247513
0.12083048667653044,-2.336056075746257,-9.798277824247515
0.2013841444608841,-2.336056075746257,-9.798277824247515
0.28193780224523773,-2.336056075746257,-9.798277824247517
0.3624914600295914,-2.336056075746257,-9.79827782424752
0.44304511781394496,-2.336056075746257,-9.798277824247522
0.5235987755982986,-2.336056075746257,-9.798277824247526
0.6041524333826522,-2.336056075746257,-9.79827782424753
0.6847060911670061,-2.336056075746257,-9.798277824247533
0.7652597489513597,-2.336056075746257,-9.798277824247537
0.8458134067357134,-2.336056075746257,-9.79827782424754
0.926367064520067,-2.336056075746257,-9.798277824247545
1.0069207223044208,-2.336056075746257,-9.798277824247549
1.0874743800887743,-2.336056075746257,-9.79827782424755
1.168028037873128,-2.336056075746257,-9.798277824247554
1.2485816956574816,-2.336056075746257,-9.798277824247558
1.329135353441835,-2.336056075746257,-9.79827782424756
1.4096890112261888,-2.336056075746257,-9.798277824247561
1.4902426690105424,-2.336056075746257,-9.798277824247561
1.5707963267948966,-2.336056075746257,-9.798277824247561
-1.5707963267948966,-2.174948760177549,-9.798277824247561
-1.490242669010543,-2.174948760177549,-9.798277824247561
-1.4096890112261893,-2.174948760177549,-9.798277824247561
-1.3291353534418358,-2.174948760177549,-9.79827782424756
-1.248581695657482,-2.174948760177549,-9.798277824247558
-1.1680280378731285,-2.174948760177549,-9.798277824247554
-1.0874743800887745,-2.174948760177549,-9.79827782424755
-1.006920722304421,-2.174948760177549,-9.798277824247549
-0.9263670645200672,-2.174948760177549,-9.798277824247545
-0.8458134067357136,-2.174948760177549,-9.79827782424754
-0.7652597489513601,-2.174948760177549,-9.798277824247537
-0.6847060911670062,-2.174948760177549,-9.798277824247533
-0.6041524333826527,-2.174948760177549,-9.79827782424753
-0.523598775598299,-2.174948760177549,-9.798277824247526
-0.44304511781394523,-2.174948760177549,-9.798277824247522
-0.3624914600295916,-2.174948760177549,-9.79827782424752
-0.28193780224523796,-2.174948760177549,-9.798277824247517
-0.20138414446088432,-2.174948760177549,-9.798277824247515
-0.1208304866765307,-2.174948760177549,-9.798277824247515
-0.04027682889217706,-2.174948760177549,-9.798277824247513
0.04027682889217657,-2.174948760177549,-9.798277824247513
0.12083048667653044,-2.174948760177549,-9.798277824247515
0.2013841444608841,-2.174948760177549,-9.798277824247515
0.28193780224523773,-2.174948760177549,-9.798277824247517
0.3624914600295914,-2.174948760177549,-9.79827782424752
0.44304511781394496,-2.174948760177549,-9.798277824247522
0.5235987755982986,-2.174948760177549,-9.798277824247526
0.6041524333826522,-2.174948760177549,-9.79827782424753
0.6847060911670061,-2.174948760177549,-9.798277824247533
0.7652597489513597,-2.174948760177549,-9.798277824247537
0.8458134067357134,-2.174948760177549,-9.79827782424754
0.926367064520067,-2.174948760177549,-9.798277824247545
1.0069207223044208,-2.174948760177549,-9.798277824247549
1.0874743800887743,-2.174948760177549,-9.79827782424755
1.168028037873128,-2.174948760177549,-9.798277824247554
1.2485816956574816,-2.174948760177549,-9.798277824247558
1.329135353441835,-2.174948760177549,-9.79827782424756
1.4096890112261888,-2.174948760177549,-9.798277824247561
1.4902426690105424,-2.174948760177549,-9.798277824247561
1.5707963267948966,-2.174948760177549,-9.798277824247561
-1.5707963267948966,-2.013841444608842,-9.798277824247561
-1.490242669010543,-2.013841444608842,-9.798277824247561
-1.4096890112261893,-2.013841444608842,-9.798277824247561
-1.3291353534418358,-2.013841444608842,-9.79827782424756
-1.248581695657482,-2.013841444608842,-9.798277824247558
-1.1680280378731285,-2.013841444608842,-9.798277824247554
-1.0874743800887745,-2.013841444608842,-9.79827782424755
-1.006920722304421,-2.013841444608842,-9.798277824247549
-0.9263670645200672,-2.013841444608842,-9.798277824247545
-0.8458134067357136,-2.013841444608842,-9.79827782424754
-0.7652597489513601,-2.013841444608842,-9.798277824247537
-0.6847060911670062,-2.013841444608842,-9.798277824247533
-0.6041524333826527,-2.013841444608842,-9.79827782424753
-0.523598775598299,-2.013841444608842,-9.798277824247526
-0.44304511781394523,-2.013841444608842,-9.798277824247522
-0.3624914600295916,-2.013841444608842,-9.79827782424752
-0.28193780224523796,-2.013841444608842,-9.798277824247517
-0.20138414446088432,-2.013841444608842,-9.798277824247515
-0.1208304866765307,-2.013841444608842,-9.798277824247515
-0.04027682889217706,-2.013841444608842,-9.798277824247513
0.04027682889217657,-2.013841444608842,-9.798277824247513
0.12083048667653044,-2.013841444608842,-9.798277824247515
0.2013841444608841,-2.013841444608842,-9.798277824247515
0.28193780224523773,-2.013841444608842,-9.798277824247517
0.3624914600295914,-2.013841444608842,-9.79827782424752
0.44304511781394496,-2.013841444608842,-9.798277824247522
0.5235987755982986,-2.013841444608842,-9.798277824247526
0.6041524333826522,-2.013841444608842,-9.79827782424753
0.6847060911670061,-2.013841444608842,-9.798277824247533
0.7652597489513597,-2.013841444608842,-9.798277824247537
0.8458134067357134,-2.013841444608842,-9.79827782424754
0.926367064520067,-2.013841444608842,-9.798277824247545
1.0069207223044208,-2.013841444608842,-9.798277824247549
1.0874743800887743,-2.013841444608842,-9.79827782424755
1.168028037873128,-2.013841444608842,-9.798277824247554
1.2485816956574816,-2.013841444608842,-9.798277824247558
1.329135353441835,-2.013841444608842,-9.79827782424756
1.4096890112261888,-2.013841444608842,-9.798277824247561
1.4902426690105424,-2.013841444608842,-9.798277824247561
1.5707963267948966,-2.013841444608842,-9.798277824247561
-1.5707963267948966,-1.8527341290401345,-9.798277824247561
-1.490242669010543,-1.8527341290401345,-9.798277824247561
-1.4096890112261893,-1.8527341290401345,-9.798277824247561
-1.3291353534418358,-1.8527341290401345,-9.79827782424756
-1.248581695657482,-1.8527341290401345,-9.798277824247558
-1.1680280378731285,-1.8527341290401345,-9.798277824247554
-1.0874743800887745,-1.8527341290401345,-9.79827782424755
-1.006920722304421,-1.8527341290401345,-9.798277824247549
-0.9263670645200672,-1.8527341290401345,-9.798277824247545
-0.8458134067357136,-1.8527341290401345,-9.79827782424754
-0.7652597489513601,-1.8527341290401345,-9.798277824247537
-0.6847060911670062,-1.8527341290401345,-9.798277824247533
-0.6041524333826527,-1.8527341290401345,-9.79827782424753
-0.523598775598299,-1.8527341290401345,-9.798277824247526
-0.44304511781394523,-1.8527341290401345,-9.798277824247522
-0.3624914600295916,-1.8527341290401345,-9.79827782424752
-0.28193780224523796,-1.8527341290401345,-9.798277824247517
-0.20138414446088432,-1.8527341290401345,-9.798277824247515
-0.1208304866765307,-1.8527341290401345,-9.798277824247515
-0.04027682889217706,-1.8527341290401345,-9.798277824247513
0.04027682889217657,-1.8527341290401345,-9.798277824247513
0.12083048667653044,-1.8527341290401345,-9.798277824247515
0.2013841444608841,-1.8527341290401345,-9.798277824247515
0.28193780224523773,-1.8527341290401345,-9.798277824247517
0.3624914600295914,-1.8527341290401345,-9.79827782424752
0.44304511781394496,-1.8527341290401345,-9.798277824247522
0.5235987755982986,-1.8527341290401345,-9.798277824247526
0.6041524333826522,-1.8527341290401345,-9.79827782424753
0.6847060911670061,-1.8527341290401345,-9.798277824247533
0.7652597489513597,-1.8527341290401345,-9.798277824247537
0.8458134067357134,-1.8527341290401345,-9.79827782424754
0.926367064520067,-1.8527341290401345,-9.798277824247545
1.0069207223044208,-1.8527341290401345,-9.798277824247549
1.0874743800887743,-1.8527341290401345,-9.79827782424755
1.168028037873128,-1.8527341290401345,-9.798277824247554
1.2485816956574816,-1.8527341290401345,-9.798277824247558
1.329135353441835,-1.8527341290401345,-9.79827782424756
1.4096890112261888,-1.8527341290401345,-9.798277824247561
1.4902426690105424,-1.8527341290401345,-9.798277824247561
1.5707963267948966,-1.8527341290401345,-9.798277824247561
-1.5707963267948966,-1.6916268134714272,-9.798277824247561
-1.490242669010543,-1.6916268134714272,-9.798277824247561
-1.4096890112261893,-1.6916268134714272,-9.798277824247561
-1.3291353534418358,-1.6916268134714272,-9.79827782424756
-1.248581695657482,-1.6916268134714272,-9.798277824247558
-1.1680280378731285,-1.6916268134714272,-9.798277824247554
-1.0874743800887745,-1.6916268134714272,-9.79827782424755
-1.006920722304421,-1.6916268134714272,-9.798277824247549
-0.9263670645200672,-1.6916268134714272,-9.798277824247545
-0.8458134067357136,-1.6916268134714272,-9.79827782424754
-0.7652597489513601,-1.6916268134714272,-9.798277824247537
-0.6847060911670062,-1.6916268134714272,-9.798277824247533
-0.6041524333826527,-1.6916268134714272,-9.79827782424753
-0.523598775598299,-1.6916268134714272,-9.798277824247526
-0.44304511781394523,-1.6916268134714272,-9.798277824247522
-0.3624914600295916,-1.6916268134714272,-9.79827782424752
-0.28193780224523796,-1.6916268134714272,-9.798277824247517
-0.20138414446088432,-1.6916268134714272,-9.798277824247515
-0.1208304866765307,-1.6916268134714272,-9.798277824247515
-0.04027682889217706,-1.6916268134714272,-9.798277824247513
0.04027682889217657,-1.6916268134714272,-9.798277824247513
0.12083048667653044,-1.6916268134714272,-9.798277824247515
0.2013841444608841,-1.6916268134714272,-9.798277824247515
0.28193780224523773,-1.6916268134714272,-9.798277824247517
0.3624914600295914,-1.6916268134714272,-9.79827782424752
0.44304511781394496,-1.6916268134714272,-9.798277824247522
0.5235987755982986,-1.6916268134714272,-9.798277824247526
0.6041524333826522,-1.6916268134714272,-9.79827782424753
0.6847060911670061,-1.6916268134714272,-9.798277824247533
0.7652597489513597,-1.6916268134714272,-9.798277824247537
0.8458134067357134,-1.6916268134714272,-9.79827782424754
0.926367064520067,-1.6916268134714272,-9.798277824247545
1.0069207223044208,-1.6916268134714272,-9.798277824247549
1.0874743800887743,-1.6916268134714272,-9.79827782424755
1.168028037873128,-1.6916268134714272,-9.798277824247554
1.2485816956574816,-1.6916268134714272,-9.798277824247558
1.329135353441835,-1.6916268134714272,-9.79827782424756
1.4096890112261888,-1.6916268134714272,-9.798277824247561
1.4902426690105424,-1.6916268134714272,-9.798277824247561
1.5707963267948966,-1.6916268134714272,-9.798277824247561
-1.5707963267948966,-1.5305194979027201,-9.798277824247561
-1.490242669010543,-1.5305194979027201,-9.798277824247561
-1.4096890112261893,-1.5305194979027201,-9.798277824247561
-1.3291353534418358,-1.5305194979027201,-9.79827782424756
-1.248581695657482,-1.5305194979027201,-9.798277824247558
-1.1680280378731285,-1.5305194979027201,-9.798277824247554
-1.0874743800887745,-1.5305194979027201,-9.79827782424755
-1.006920722304421,-1.5305194979027201,-9.798277824247549
-0.9263670645200672,-1.5305194979027201,-9.798277824247545
-0.8458134067357136,-1.5305194979027201,-9.79827782424754
-0.7652597489513601,-1.5305194979027201,-9.798277824247537
-0.6847060911670062,-1.5305194979027201,-9.798277824247533
-0.6041524333826527,-1.5305194979027201,-9.79827782424753
-0.523598775598299,-1.5305194979027201,-9.798277824247526
-0.44304511781394523,-1.5305194979027201,-9.798277824247522
-0.3624914600295916,-1.5305194979027201,-9.79827782424752
-0.28193780224523796,-1.5305194979027201,-9.798277824247517
-0.20138414446088432,-1.5305194979027201,-9.798277824247515
-0.1208304866765307,-1.5305194979027201,-9.798277824247515
-0.04027682889217706,-1.5305194979027201,-9.798277824247513
0.04027682889217657,-1.5305194979027201,-9.798277824247513
0.12083048667653044,-1.5305194979027201,-9.798277824247515
0.2013841444608841,-1.5305194979027201,-9.798277824247515
0.28193780224523773,-1.5305194979027201,-9.798277824247517
0.3624914600295914,-1.5305194979027201,-9.79827782424752
0.44304511781394496,-1.5305194979027201,-9.798277824247522
0.5235987755982986,-1.5305194979027201,-9.798277824247526
0.6041524333826522,-1.5305194979027201,-9.79827782424753
0.6847060911670061,-1.5305194979027201,-9.798277824247533
0.7652597489513597,-1.5305194979027201,-9.798277824247537
0.8458134067357134,-1.5305194979027201,-9.79827782424754
0.926367064520067,-1.5305194979027201,-9.798277824247545
1.0069207223044208,-1.5305194979027201,-9.798277824247549
1.0874743800887743,-1.5305194979027201,-9.79827782424755
1.168028037873128,-1.5305194979027201,-9.798277824247554
1.2485816956574816,-1.5305194979027201,-9.798277824247558
1.329135353441835,-1.5305194979027201,-9.79827782424756
1.4096890112261888,-1.5305194979027201,-9.798277824247561
1.4902426690105424,-1.5305194979027201,-9.798277824247561
1.5707963267948966,-1.5305194979027201,-9.798277824247561
-1.5707963267948966,-1.3694121823340124,-9.798277824247561
-1.490242669010543,-1.3694121823340124,-9.798277824247561
-1.4096890112261893,-1.3694121823340124,-9.798277824247561
-1.3291353534418358,-1.3694121823340124,-9.79827782424756
-1.248581695657482,-1.3694121823340124,-9.798277824247558
-1.1680280378731285,-1.3694121823340124,-9.798277824247554
-1.0874743800887745,-1.3694121823340124,-9.79827782424755
-1.006920722304421,-1.3694121823340124,-9.798277824247549
-0.9263670645200672,-1.3694121823340124,-9.798277824247545
-0.8458134067357136,-1.3694121823340124,-9.79827782424754
-0.7652597489513601,-1.3694121823340124,-9.798277824247537
-0.6847060911670062,-1.3694121823340124,-9.798277824247533
-0.6041524333826527,-1.3694121823340124,-9.79827782424753
-0.523598775598299,-1.3694121823340124,-9.798277824247526
-0.44304511781394523,-1.3694121823340124,-9.798277824247522
-0.3624914600295916,-1.3694121823340124,-9.79827782424752
-0.28193780224523796,-1.3694121823340124,-9.798277824247517
-0.20138414446088432,-1.3694121823340124,-9.798277824247515
-0.1208304866765307,-1.3694121823340124,-9.798277824247515
-0.04027682889217706,-1.3694121823340124,-9.798277824247513
0.04027682889217657,-1.3694121823340124,-9.798277824247513
0.12083048667653044,-1.3694121823340124,-9.798277824247515
0.2013841444608841,-1.3694121823340124,-9.798277824247515
0.28193780224523773,-1.3694121823340124,-9.798277824247517
0.3624914600295914,-1.3694121823340124,-9.79827782424752
0.44304511781394496,-1.3694121823340124,-9.798277824247522
0.5235987755982986,-1.3694121823340124,-9.798277824247526
0.6041524333826522,-1.3694121823340124,-9.79827782424753
0.6847060911670061,-1.3694121823340124,-9.798277824247533
0.7652597489513597,-1.3694121823340124,-9.798277824247537
0.8458134067357134,-1.3694121823340124,-9.79827782424754
0.926367064520067,-1.3694121823340124,-9.798277824247545
1.0069207223044208,-1.3694121823340124,-9.798277824247549
1.0874743800887743,-1.3694121823340124,-9.79827782424755
1.168028037873128,-1.3694121823340124,-9.798277824247554
1.2485816956574816,-1.3694121823340124,-9.798277824247558
1.329135353441835,-1.3694121823340124,-9.79827782424756
1.4096890112261888,-1.3694121823340124,-9.798277824247561
1.4902426690105424,-1.3694121823340124,-9.798277824247561
1.5707963267948966,-1.3694121823340124,-9.798277824247561
-1.5707963267948966,-1.2083048667653054,-9.798277824247561
-1.490242669010543,-1.2083048667653054,-9.798277824247561
-1.4096890112261893,-1.2083048667653054,-9.798277824247561
-1.3291353534418358,-1.2083048667653054,-9.79827782424756
-1.248581695657482,-1.2083048667653054,-9.798277824247558
-1.1680280378731285,-1.2083048667653054,-9.798277824247554
-1.0874743800887745,-1.2083048667653054,-9.79827782424755
-1.006920722304421,-1.2083048667653054,-9.798277824247549
-0.9263670645200672,-1.2083048667653054,-9.798277824247545
-0.8458134067357136,-1.2083048667653054,-9.79827782424754
-0.7652597489513601,-1.2083048667653054,-9.798277824247537
-0.6847060911670062,-1.2083048667653054,-9.798277824247533
-0.6041524333826527,-1.2083048667653054,-9.79827782424753
-0.523598775598299,-1.2083048667653054,-9.798277824247526
-0.44304511781394523,-1.2083048667653054,-9.798277824247522
-0.3624914600295916,-1.2083048667653054,-9.79827782424752
-0.28193780224523796,-1.2083048667653054,-9.798277824247517
-0.20138414446088432,-1.2083048667653054,-9.798277824247515
-0.1208304866765307,-1.2083048667653054,-9.798277824247515
-0.04027682889217706,-1.2083048667653054,-9.798277824247513
0.04027682889217657,-1.2083048667653054,-9.798277824247513
0.12083048667653044,-1.2083048667653054,-9.798277824247515
0.2013841444608841,-1.2083048667653054,-9.798277824247515
0.28193780224523773,-1.2083048667653054,-9.798277824247517
0.3624914600295914,-1.2083048667653054,-9.79827782424752
0.44304511781394496,-1.2083048667653054,-9.798277824247522
0.5235987755982986,-1.2083048667653054,-9.798277824247526
0.6041524333826522,-1.2083048667653054,-9.79827782424753
0.6847060911670061,-1.2083048667653054,-9.798277824247533
0.7652597489513597,-1.2083048667653054,-9.798277824247537
0.8458134067357134,-1.2083048667653054,-9.79827782424754
0.926367064520067,-1.2083048667653054,-9.798277824247545
1.0069207223044208,-1.2083048667653054,-9.798277824247549
1.0874743800887743,-1.2083048667653054,-9.79827782424755
1.168028037873128,-1.2083048667653054,-9.798277824247554
1.2485816956574816,-1.2083048667653054,-9.798277824247558
1.329135353441835,-1.2083048667653054,-9.79827782424756
1.4096890112261888,-1.2083048667653054,-9.798277824247561
1.4902426690105424,-1.2083048667653054,-9.798277824247561
1.5707963267948966,-1.2083048667653054,-9.798277824247561
-1.5707963267948966,-1.047197551196598,-9.798277824247561
-1.490242669010543,-1.047197551196598,-9.798277824247561
-1.4096890112261893,-1.047197551196598,-9.798277824247561
-1.3291353534418358,-1.047197551196598,-9.79827782424756
-1.248581695657482,-1.047197551196598,-9.798277824247558
-1.1680280378731285,-1.047197551196598,-9.798277824247554
-1.0874743800887745,-1.047197551196598,-9.79827782424755
-1.006920722304421,-1.047197551196598,-9.798277824247549
-0.9263670645200672,-1.047197551196598,-9.798277824247545
-0.8458134067357136,-1.047197551196598,-9.79827782424754
-0.7652597489513601,-1.047197551196598,-9.798277824247537
-0.6847060911670062,-1.047197551196598,-9.798277824247533
-0.6041524333826527,-1.047197551196598,-9.79827782424753
-0.523598775598299,-1.047197551196598,-9.798277824247526
-0.44304511781394523,-1.047197551196598,-9.798277824247522
-0.3624914600295916,-1.047197551196598,-9.79827782424752
-0.28193780224523796,-1.047197551196598,-9.798277824247517
-0.20138414446088432,-1.047197551196598,-9.798277824247515
-0.1208304866765307,-1.047197551196598,-9.798277824247515
-0.04027682889217706,-1.047197551196598,-9.798277824247513
0.04027682889217657,-1.047197551196598,-9.798277824247513
0.12083048667653044,-1.047197551196598,-9.798277824247515
0.2013841444608841,-1.047197551196598,-9.798277824247515
0.28193780224523773,-1.047197551196598,-9.798277824247517
0.3624914600295914,-1.047197551196598,-9.79827782424752
0.44304511781394496,-1.047197551196598,-9.798277824247522
0.5235987755982986,-1.047197551196598,-9.798277824247526
0.6041524333826522,-1.047197551196598,-9.79827782424753
0.6847060911670061,-1.047197551196598,-9.798277824247533
0.7652597489513597,-1.047197551196598,-9.798277824247537
0.8458134067357134,-1.047197551196598,-9.79827782424754
0.926367064520067,-1.047197551196598,-9.798277824247545
1.0069207223044208,-1.047197551196598,-9.798277824247549
1.0874743800887743,-1.047197551196598,-9.79827782424755
1.168028037873128,-1.047197551196598,-9.798277824247554
1.2485816956574816,-1.047197551196598,-9.798277824247558
1.329135353441835,-1.047197551196598,-9.79827782424756
1.4096890112261888,-1.047197551196598,-9.798277824247561
1.4902426690105424,-1.047197551196598,-9.798277824247561
1.5707963267948966,-1.047197551196598,-9.798277824247561
-1.5707963267948966,-0.8860902356278905,-9.798277824247561
-1.490242669010543,-0.8860902356278905,-9.798277824247561
-1.4096890112261893,-0.8860902356278905,-9.798277824247561
-1.3291353534418358,-0.8860902356278905,-9.79827782424756
-1.248581695657482,-0.8860902356278905,-9.798277824247558
-1.1680280378731285,-0.8860902356278905,-9.798277824247554
-1.0874743800887745,-0.8860902356278905,-9.79827782424755
-1.006920722304421,-0.8860902356278905,-9.798277824247549
-0.9263670645200672,-0.8860902356278905,-9.798277824247544
-0.8458134067357136,-0.8860902356278905,-9.79827782424754
-0.7652597489513601,-0.8860902356278905,-9.798277824247537
-0.6847060911670062,-0.8860902356278905,-9.798277824247533
-0.6041524333826527,-0.8860902356278905,-9.79827782424753
-0.523598775598299,-0.8860902356278905,-9.798277824247526
-0.44304511781394523,-0.8860902356278905,-9.798277824247522
-0.3624914600295916,-0.8860902356278905,-9.79827782424752
-0.28193780224523796,-0.8860902356278905,-9.798277824247517
-0.20138414446088432,-0.8860902356278905,-9.798277824247515
-0.1208304866765307,-0.8860902356278905,-9.798277824247515
-0.04027682889217706,-0.8860902356278905,-9.798277824247513
0.04027682889217657,-0.8860902356278905,-9.798277824247513
0.12083048667653044,-0.8860902356278905,-9.798277824247515
0.2013841444608841,-0.8860902356278905,-9.798277824247515
0.28193780224523773,-0.8860902356278905,-9.798277824247517
0.3624914600295914,-0.8860902356278905,-9.79827782424752
0.44304511781394496,-0.8860902356278905,-9.798277824247522
0.5235987755982986,-0.8860902356278905,-9.798277824247526
0.6041524333826522,-0.8860902356278905,-9.79827782424753
0.6847060911670061,-0.8860902356278905,-9.798277824247533
0.7652597489513597,-0.8860902356278905,-9.798277824247537
0.8458134067357134,-0.8860902356278905,-9.79827782424754
0.926367064520067,-0.8860902356278905,-9.798277824247544
1.0069207223044208,-0.8860902356278905,-9.798277824247549
1.0874743800887743,-0.8860902356278905,-9.79827782424755
1.168028037873128,-0.8860902356278905,-9.798277824247554
1.2485816956574816,-0.8860902356278905,-9.798277824247558
1.329135353441835,-0.8860902356278905,-9.79827782424756
1.4096890112261888,-0.8860902356278905,-9.798277824247561
1.4902426690105424,-0.8860902356278905,-9.798277824247561
1.5707963267948966,-0.8860902356278905,-9.798277824247561
-1.5707963267948966,-0.7249829200591832,-9.798277824247561
-1.490242669010543,-0.7249829200591832,-9.798277824247561
-1.4096890112261893,-0.7249829200591832,-9.798277824247561
-1.3291353534418358,-0.7249829200591832,-9.79827782424756
-1.248581695657482,-0.7249829200591832,-9.798277824247558
-1.1680280378731285,-0.7249829200591832,-9.798277824247554
-1.0874743800887745,-0.7249829200591832,-9.79827782424755
-1.006920722304421,-0.7249829200591832,-9.798277824247549
-0.9263670645200672,-0.7249829200591832,-9.798277824247544
-0.8458134067357136,-0.7249829200591832,-9.79827782424754
-0.7652597489513601,-0.7249829200591832,-9.798277824247537
-0.6847060911670062,-0.7249829200591832,-9.798277824247533
-0.6041524333826527,-0.7249829200591832,-9.79827782424753
-0.523598775598299,-0.7249829200591832,-9.798277824247526
-0.44304511781394523,-0.7249829200591832,-9.798277824247522
-0.3624914600295916,-0.7249829200591832,-9.79827782424752
-0.28193780224523796,-0.7249829200591832,-9.798277824247517
-0.20138414446088432,-0.7249829200591832,-9.798277824247515
-0.1208304866765307,-0.7249829200591832,-9.798277824247515
-0.04027682889217706,-0.7249829200591832,-9.798277824247513
0.04027682889217657,-0.7249829200591832,-9.798277824247513
0.12083048667653044,-0.7249829200591832,-9.798277824247515
0.2013841444608841,-0.7249829200591832,-9.798277824247515
0.28193780224523773,-0.7249829200591832,-9.798277824247517
0.3624914600295914,-0.7249829200591832,-9.79827782424752
0.44304511781394496,-0.7249829200591832,-9.798277824247522
0.5235987755982986,-0.7249829200591832,-9.798277824247526
0.6041524333826522,-0.7249829200591832,-9.79827782424753
0.6847060911670061,-0.7249829200591832,-9.798277824247533
0.7652597489513597,-0.7249829200591832,-9.798277824247537
0.8458134067357134,-0.7249829200591832,-9.79827782424754
0.926367064520067,-0.7249829200591832,-9.798277824247544
1.0069207223044208,-0.7249829200591832,-9.798277824247549
1.0874743800887743,-0.7249829200591832,-9.79827782424755
1.168028037873128,-0.7249829200591832,-9.798277824247554
1.2485816956574816,-0.7249829200591832,-9.798277824247558
1.329135353441835,-0.7249829200591832,-9.79827782424756
1.4096890112261888,-0.7249829200591832,-9.798277824247561
1.4902426690105424,-0.7249829200591832,-9.798277824247561
1.5707963267948966,-0.7249829200591832,-9.798277824247561
-1.5707963267948966,-0.5638756044904759,-9.798277824247561
-1.490242669010543,-0.5638756044904759,-9.798277824247561
-1.4096890112261893,-0.5638756044904759,-9.798277824247561
-1.3291353534418358,-0.5638756044904759,-9.79827782424756
-1.248581695657482,-0.5638756044904759,-9.798277824247556
-1.1680280378731285,-0.5638756044904759,-9.798277824247554
-1.0874743800887745,-0.5638756044904759,-9.79827782424755
-1.006920722304421,-0.5638756044904759,-9.798277824247549
-0.9263670645200672,-0.5638756044904759,-9.798277824247544
-0.8458134067357136,-0.5638756044904759,-9.79827782424754
-0.7652597489513601,-0.5638756044904759,-9.798277824247537
-0.6847060911670062,-0.5638756044904759,-9.798277824247533
-0.6041524333826527,-0.5638756044904759,-9.79827782424753
-0.523598775598299,-0.5638756044904759,-9.798277824247526
-0.44304511781394523,-0.5638756044904759,-9.798277824247522
-0.3624914600295916,-0.5638756044904759,-9.79827782424752
-0.28193780224523796,-0.5638756044904759,-9.798277824247517
-0.20138414446088432,-0.5638756044904759,-9.798277824247515
-0.1208304866765307,-0.5638756044904759,-9.798277824247515
-0.04027682889217706,-0.5638756044904759,-9.798277824247513
0.04027682889217657,-0.5638756044904759,-9.798277824247513
0.12083048667653044,-0.5638756044904759,-9.798277824247515
0.2013841444608841,-0.5638756044904759,-9.798277824247515
0.28193780224523773,-0.5638756044904759,-9.798277824247517
0.3624914600295914,-0.5638756044904759,-9.79827782424752
0.44304511781394496,-0.5638756044904759,-9.798277824247522
0.5235987755982986,-0.5638756044904759,-9.798277824247526
0.6041524333826522,-0.5638756044904759,-9.79827782424753
0.6847060911670061,-0.5638756044904759,-9.798277824247533
0.7652597489513597,-0.5638756044904759,-9.798277824247537
0.8458134067357134,-0.5638756044904759,-9.79827782424754
0.926367064520067,-0.5638756044904759,-9.798277824247544
1.0069207223044208,-0.5638756044904759,-9.798277824247549
1.0874743800887743,-0.5638756044904759,-9.79827782424755
1.168028037873128,-0.5638756044904759,-9.798277824247554
1.2485816956574816,-0.5638756044904759,-9.798277824247556
1.329135353441835,-0.5638756044904759,-9.79827782424756
1.4096890112261888,-0.5638756044904759,-9.798277824247561
1.4902426690105424,-0.5638756044904759,-9.798277824247561
1.5707963267948966,-0.5638756044904759,-9.798277824247561
-1.5707963267948966,-0.40276828892176864,-9.798277824247561
-1.490242669010543,-0.40276828892176864,-9.798277824247561
-1.4096890112261893,-0.40276828892176864,-9.798277824247561
-1.3291353534418358,-0.40276828892176864,-9.79827782424756
-1.248581695657482,-0.40276828892176864,-9.798277824247556
-1.1680280378731285,-0.40276828892176864,-9.798277824247554
-1.0874743800887745,-0.40276828892176864,-9.79827782424755
-1.006920722304421,-0.40276828892176864,-9.798277824247547
-0.9263670645200672,-0.40276828892176864,-9.798277824247544
-0.8458134067357136,-0.40276828892176864,-9.79827782424754
-0.7652597489513601,-0.40276828892176864,-9.798277824247537
-0.6847060911670062,-0.40276828892176864,-9.798277824247533
-0.6041524333826527,-0.40276828892176864,-9.79827782424753
-0.523598775598299,-0.40276828892176864,-9.798277824247526
-0.44304511781394523,-0.40276828892176864,-9.798277824247522
-0.3624914600295916,-0.40276828892176864,-9.79827782424752
-0.28193780224523796,-0.40276828892176864,-9.798277824247517
-0.20138414446088432,-0.40276828892176864,-9.798277824247515
-0.1208304866765307,-0.40276828892176864,-9.798277824247515
-0.04027682889217706,-0.40276828892176864,-9.798277824247513
0.04027682889217657,-0.40276828892176864,-9.798277824247513
0.12083048667653044,-0.40276828892176864,-9.798277824247515
0.2013841444608841,-0.40276828892176864,-9.798277824247515
0.28193780224523773,-0.40276828892176864,-9.798277824247517
0.3624914600295914,-0.40276828892176864,-9.79827782424752
0.44304511781394496,-0.40276828892176864,-9.798277824247522
0.5235987755982986,-0.40276828892176864,-9.798277824247526
0.6041524333826522,-0.40276828892176864,-9.79827782424753
0.6847060911670061,-0.40276828892176864,-9.798277824247533
0.7652597489513597,-0.40276828892176864,-9.798277824247537
0.8458134067357134,-0.40276828892176864,-9.79827782424754
0.926367064520067,-0.40276828892176864,-9.798277824247544
1.0069207223044208,-0.40276828892176864,-9.798277824247547
1.0874743800887743,-0.40276828892176864,-9.79827782424755
1.168028037873128,-0.40276828892176864,-9.798277824247554
1.2485816956574816,-0.40276828892176864,-9.798277824247556
1.329135353441835,-0.40276828892176864,-9.79827782424756
1.4096890112261888,-0.40276828892176864,-9.798277824247561
1.4902426690105424,-0.40276828892176864,-9.798277824247561
1.5707963267948966,-0.40276828892176864,-9.798277824247561
-1.5707963267948966,-0.2416609733530614,-9.798277824247561
-1.490242669010543,-0.2416609733530614,-9.798277824247561
-1.4096890112261893,-0.2416609733530614,-9.798277824247561
-1.3291353534418358,-0.2416609733530614,-9.79827782424756
-1.248581695657482,-0.2416609733530614,-9.798277824247556
-1.1680280378731285,-0.2416609733530614,-9.798277824247554
-1.0874743800887745,-0.2416609733530614,-9.79827782424755
-1.006920722304421,-0.2416609733530614,-9.798277824247547
-0.9263670645200672,-0.2416609733530614,-9.798277824247544
-0.8458134067357136,-0.2416609733530614,-9.79827782424754
-0.7652597489513601,-0.2416609733530614,-9.798277824247537
-0.6847060911670062,-0.2416609733530614,-9.798277824247533
-0.6041524333826527,-0.2416609733530614,-9.79827782424753
-0.523598775598299,-0.2416609733530614,-9.798277824247526
-0.44304511781394523,-0.2416609733530614,-9.798277824247522
-0.3624914600295916,-0.2416609733530614,-9.79827782424752
-0.28193780224523796,-0.2416609733530614,-9.798277824247517
-0.20138414446088432,-0.2416609733530614,-9.798277824247515
-0.1208304866765307,-0.2416609733530614,-9.798277824247515
-0.04027682889217706,-0.2416609733530614,-9.798277824247513
0.04027682889217657,-0.2416609733530614,-9.798277824247513
0.12083048667653044,-0.2416609733530614,-9.798277824247515
0.2013841444608841,-0.2416609733530614,-9.798277824247515
0.28193780224523773,-0.2416609733530614,-9.798277824247517
0.3624914600295914,-0.2416609733530614,-9.79827782424752
0.44304511781394496,-0.2416609733530614,-9.798277824247522
0.5235987755982986,-0.2416609733530614,-9.798277824247526
0.6041524333826522,-0.2416609733530614,-9.79827782424753
0.6847060911670061,-0.2416609733530614,-9.798277824247533
0.7652597489513597,-0.2416609733530614,-9.798277824247537
0.8458134067357134,-0.2416609733530614,-9.79827782424754
0.926367064520067,-0.2416609733530614,-9.798277824247544
1.0069207223044208,-0.2416609733530614,-9.798277824247547
1.0874743800887743,-0.2416609733530614,-9.79827782424755
1.168028037873128,-0.2416609733530614,-9.798277824247554
1.2485816956574816,-0.2416609733530614,-9.798277824247556
1.329135353441835,-0.2416609733530614,-9.79827782424756
1.4096890112261888,-0.2416609733530614,-9.798277824247561
1.4902426690105424,-0.2416609733530614,-9.798277824247561
1.5707963267948966,-0.2416609733530614,-9.798277824247561
-1.5707963267948966,-0.08055365778435412,-9.798277824247561
-1.490242669010543,-0.08055365778435412,-9.798277824247561
-1.4096890112261893,-0.08055365778435412,-9.798277824247561
-1.3291353534418358,-0.08055365778435412,-9.79827782424756
-1.248581695657482,-0.08055365778435412,-9.798277824247556
-1.1680280378731285,-0.08055365778435412,-9.798277824247554
-1.0874743800887745,-0.08055365778435412,-9.79827782424755
-1.006920722304421,-0.08055365778435412,-9.798277824247547
-0.9263670645200672,-0.08055365778435412,-9.798277824247544
-0.8458134067357136,-0.08055365778435412,-9.79827782424754
-0.7652597489513601,-0.08055365778435412,-9.798277824247537
-0.6847060911670062,-0.08055365778435412,-9.798277824247533
-0.6041524333826527,-0.08055365778435412,-9.79827782424753
-0.523598775598299,-0.08055365778435412,-9.798277824247526
-0.44304511781394523,-0.08055365778435412,-9.798277824247522
-0.3624914600295916,-0.08055365778435412,-9.79827782424752
-0.28193780224523796,-0.08055365778435412,-9.798277824247517
-0.20138414446088432,-0.08055365778435412,-9.798277824247515
-0.1208304866765307,-0.08055365778435412,-9.798277824247515
-0.04027682889217706,-0.08055365778435412,-9.798277824247513
0.04027682889217657,-0.08055365778435412,-9.798277824247513
0.12083048667653044,-0.08055365778435412,-9.798277824247515
0.2013841444608841,-0.08055365778435412,-9.798277824247515
0.28193780224523773,-0.08055365778435412,-9.798277824247517
0.3624914600295914,-0.08055365778435412,-9.79827782424752
0.44304511781394496,-0.08055365778435412,-9.798277824247522
0.5235987755982986,-0.08055365778435412,-9.798277824247526
0.6041524333826522,-0.08055365778435412,-9.79827782424753
0.6847060911670061,-0.08055365778435412,-9.798277824247533
0.7652597489513597,-0.08055365778435412,-9.798277824247537
0.8458134067357134,-0.08055365778435412,-9.79827782424754
0.926367064520067,-0.08055365778435412,-9.798277824247544
1.0069207223044208,-0.08055365778435412,-9.798277824247547
1.0874743800887743,-0.08055365778435412,-9.79827782424755
1.168028037873128,-0.08055365778435412,-9.798277824247554
1.2485816956574816,-0.08055365778435412,-9.798277824247556
1.329135353441835,-0.08055365778435412,-9.79827782424756
1.4096890112261888,-0.08055365778435412,-9.798277824247561
1.4902426690105424,-0.08055365778435412,-9.798277824247561
1.5707963267948966,-0.08055365778435412,-9.798277824247561
-1.5707963267948966,0.08055365778435314,-9.798277824247561
-1.490242669010543,0.08055365778435314,-9.798277824247561
-1.4096890112261893,0.08055365778435314,-9.798277824247561
-1.3291353534418358,0.08055365778435314,-9.79827782424756
-1.248581695657482,0.08055365778435314,-9.798277824247556
-1.1680280378731285,0.08055365778435314,-9.798277824247554
-1.0874743800887745,0.08055365778435314,-9.79827782424755
-1.006920722304421,0.08055365778435314,-9.798277824247549
-0.9263670645200672,0.08055365778435314,-9.798277824247544
-0.8458134067357136,0.08055365778435314,-9.79827782424754
-0.7652597489513601,0.08055365778435314,-9.798277824247537
-0.6847060911670062,0.08055365778435314,-9.798277824247533
-0.6041524333826527,0.08055365778435314,-9.79827782424753
-0.523598775598299,0.08055365778435314,-9.798277824247526
-0.44304511781394523,0.08055365778435314,-9.798277824247522
-0.3624914600295916,0.08055365778435314,-9.79827782424752
-0.28193780224523796,0.08055365778435314,-9.798277824247517
-0.20138414446088432,0.08055365778435314,-9.798277824247515
-0.1208304866765307,0.08055365778435314,-9.798277824247515
-0.04027682889217706,0.08055365778435314,-9.798277824247513
0.04027682889217657,0.08055365778435314,-9.798277824247513
0.12083048667653044,0.08055365778435314,-9.798277824247515
0.2013841444608841,0.08055365778435314,-9.798277824247515
0.28193780224523773,0.08055365778435314,-9.798277824247517
0.3624914600295914,0.08055365778435314,-9.79827782424752
0.44304511781394496,0.08055365778435314,-9.798277824247522
0.5235987755982986,0.08055365778435314,-9.798277824247526
0.6041524333826522,0.08055365778435314,-9.79827782424753
0.6847060911670061,0.08055365778435314,-9.798277824247533
0.7652597489513597,0.08055365778435314,-9.798277824247537
0.8458134067357134,0.08055365778435314,-9.79827782424754
0.926367064520067,0.08055365778435314,-9.798277824247544
1.0069207223044208,0.08055365778435314,-9.798277824247549
1.0874743800887743,0.08055365778435314,-9.79827782424755
1.168028037873128,0.08055365778435314,-9.798277824247554
1.2485816956574816,0.08055365778435314,-9.798277824247556
1.329135353441835,0.08055365778435314,-9.79827782424756
1.4096890112261888,0.08055365778435314,-9.798277824247561
1.4902426690105424,0.08055365778435314,-9.798277824247561
1.5707963267948966,0.08055365778435314,-9.798277824247561
-1.5707963267948966,0.2416609733530609,-9.798277824247561
-1.490242669010543,0.2416609733530609,-9.798277824247561
-1.4096890112261893,0.2416609733530609,-9.798277824247561
-1.3291353534418358,0.2416609733530609,-9.79827782424756
-1.248581695657482,0.2416609733530609,-9.798277824247558
-1.1680280378731285,0.2416609733530609,-9.798277824247554
-1.0874743800887745,0.2416609733530609,-9.79827782424755
-1.006920722304421,0.2416609733530609,-9.798277824247549
-0.9263670645200672,0.2416609733530609,-9.798277824247544
-0.8458134067357136,0.2416609733530609,-9.79827782424754
-0.7652597489513601,0.2416609733530609,-9.798277824247537
-0.6847060911670062,0.2416609733530609,-9.798277824247533
-0.6041524333826527,0.2416609733530609,-9.79827782424753
-0.523598775598299,0.2416609733530609,-9.798277824247526
-0.44304511781394523,0.2416609733530609,-9.798277824247522
-0.3624914600295916,0.2416609733530609,-9.79827782424752
-0.28193780224523796,0.2416609733530609,-9.798277824247517
-0.20138414446088432,0.2416609733530609,-9.798277824247515
-0.1208304866765307,0.2416609733530609,-9.798277824247515
-0.04027682889217706,0.2416609733530609,-9.798277824247513
0.04027682889217657,0.2416609733530609,-9.798277824247513
0.12083048667653044,0.2416609733530609,-9.798277824247515
0.2013841444608841,0.2416609733530609,-9.798277824247515
0.28193780224523773,0.2416609733530609,-9.798277824247517
0.3624914600295914,0.2416609733530609,-9.79827782424752
0.44304511781394496,0.2416609733530609,-9.798277824247522
0.5235987755982986,0.2416609733530609,-9.798277824247526
0.6041524333826522,0.2416609733530609,-9.79827782424753
0.6847060911670061,0.2416609733530609,-9.798277824247533
0.7652597489513597,0.2416609733530609,-9.798277824247537
0.8458134067357134,0.2416609733530609,-9.79827782424754
0.926367064520067,0.2416609733530609,-9.798277824247544
1.0069207223044208,0.2416609733530609,-9.798277824247549
1.0874743800887743,0.2416609733530609,-9.79827782424755
1.168028037873128,0.2416609733530609,-9.798277824247554
1.2485816956574816,0.2416609733530609,-9.798277824247558
1.329135353441835,0.2416609733530609,-9.79827782424756
1.4096890112261888,0.2416609733530609,-9.798277824247561
1.4902426690105424,0.2416609733530609,-9.798277824247561
1.5707963267948966,0.2416609733530609,-9.798277824247561
-1.5707963267948966,0.4027682889217682,-9.798277824247561
-1.490242669010543,0.4027682889217682,-9.798277824247561
-1.4096890112261893,0.4027682889217682,-9.798277824247561
-1.3291353534418358,0.4027682889217682,-9.79827782424756
-1.248581695657482,0.4027682889217682,-9.798277824247558
-1.1680280378731285,0.4027682889217682,-9.798277824247554
-1.0874743800887745,0.4027682889217682,-9.79827782424755
-1.006920722304421,0.4027682889217682,-9.798277824247549
-0.9263670645200672,0.4027682889217682,-9.798277824247544
-0.8458134067357136,0.4027682889217682,-9.79827782424754
-0.7652597489513601,0.4027682889217682,-9.798277824247537
-0.6847060911670062,0.4027682889217682,-9.798277824247533
-0.6041524333826527,0.4027682889217682,-9.79827782424753
-0.523598775598299,0.4027682889217682,-9.798277824247526
-0.44304511781394523,0.4027682889217682,-9.798277824247522
-0.3624914600295916,0.4027682889217682,-9.79827782424752
-0.28193780224523796,0.4027682889217682,-9.798277824247517
-0.20138414446088432,0.4027682889217682,-9.798277824247515
-0.1208304866765307,0.4027682889217682,-9.798277824247515
-0.04027682889217706,0.4027682889217682,-9.798277824247513
0.04027682889217657,0.4027682889217682,-9.798277824247513
0.12083048667653044,0.4027682889217682,-9.798277824247515
0.2013841444608841,0.4027682889217682,-9.798277824247515
0.28193780224523773,0.4027682889217682,-9.798277824247517
0.3624914600295914,0.4027682889217682,-9.79827782424752
0.44304511781394496,0.4027682889217682,-9.798277824247522
0.5235987755982986,0.4027682889217682,-9.798277824247526
0.6041524333826522,0.4027682889217682,-9.79827782424753
0.6847060911670061,0.4027682889217682,-9.798277824247533
0.7652597489513597,0.4027682889217682,-9.798277824247537
0.8458134067357134,0.4027682889217682,-9.79827782424754
0.926367064520067,0.4027682889217682,-9.798277824247544
1.0069207223044208,0.4027682889217682,-9.798277824247549
1.0874743800887743,0.4027682889217682,-9.79827782424755
1.168028037873128,0.4027682889217682,-9.798277824247554
1.2485816956574816,0.4027682889217682,-9.798277824247558
1.329135353441835,0.4027682889217682,-9.79827782424756
1.4096890112261888,0.4027682889217682,-9.798277824247561
1.4902426690105424,0.4027682889217682,-9.798277824247561
1.5707963267948966,0.4027682889217682,-9.798277824247561
-1.5707963267948966,0.5638756044904755,-9.798277824247561
-1.490242669010543,0.5638756044904755,-9.798277824247561
-1.4096890112261893,0.5638756044904755,-9.798277824247561
-1.3291353534418358,0.5638756044904755,-9.79827782424756
-1.248581695657482,0.5638756044904755,-9.798277824247558
-1.1680280378731285,0.5638756044904755,-9.798277824247554
-1.0874743800887745,0.5638756044904755,-9.79827782424755
-1.006920722304421,0.5638756044904755,-9.798277824247549
-0.9263670645200672,0.5638756044904755,-9.798277824247545
-0.8458134067357136,0.5638756044904755,-9.79827782424754
-0.7652597489513601,0.5638756044904755,-9.798277824247537
-0.6847060911670062,0.5638756044904755,-9.798277824247533
-0.6041524333826527,0.5638756044904755,-9.79827782424753
-0.523598775598299,0.5638756044904755,-9.798277824247526
-0.44304511781394523,0.5638756044904755,-9.798277824247522
-0.3624914600295916,0.5638756044904755,-9.79827782424752
-0.28193780224523796,0.5638756044904755,-9.798277824247517
-0.20138414446088432,0.5638756044904755,-9.798277824247515
-0.1208304866765307,0.5638756044904755,-9.798277824247515
-0.04027682889217706,0.5638756044904755,-9.798277824247513
0.04027682889217657,0.5638756044904755,-9.798277824247513
0.12083048667653044,0.5638756044904755,-9.798277824247515
0.2013841444608841,0.5638756044904755,-9.798277824247515
0.28193780224523773,0.5638756044904755,-9.798277824247517
0.3624914600295914,0.5638756044904755,-9.79827782424752
0.44304511781394496,0.5638756044904755,-9.798277824247522
0.5235987755982986,0.5638756044904755,-9.798277824247526
0.6041524333826522,0.5638756044904755,-9.79827782424753
0.6847060911670061,0.5638756044904755,-9.798277824247533
0.7652597489513597,0.5638756044904755,-9.798277824247537
0.8458134067357134,0.5638756044904755,-9.79827782424754
0.926367064520067,0.5638756044904755,-9.798277824247545
1.0069207223044208,0.5638756044904755,-9.798277824247549
1.0874743800887743,0.5638756044904755,-9.79827782424755
1.168028037873128,0.5638756044904755,-9.798277824247554
1.2485816956574816,0.5638756044904755,-9.798277824247558
1.329135353441835,0.5638756044904755,-9.79827782424756
1.4096890112261888,0.5638756044904755,-9.798277824247561
1.4902426690105424,0.5638756044904755,-9.798277824247561
1.5707963267948966,0.5638756044904755,-9.798277824247561
-1.5707963267948966,0.7249829200591827,-9.798277824247561
-1.490242669010543,0.7249829200591827,-9.798277824247561
-1.4096890112261893,0.7249829200591827,-9.798277824247561
-1.3291353534418358,0.7249829200591827,-9.79827782424756
-1.248581695657482,0.7249829200591827,-9.798277824247558
-1.1680280378731285,0.7249829200591827,-9.798277824247554
-1.0874743800887745,0.7249829200591827,-9.79827782424755
-1.006920722304421,0.7249829200591827,-9.798277824247549
-0.9263670645200672,0.7249829200591827,-9.798277824247545
-0.8458134067357136,0.7249829200591827,-9.79827782424754
-0.7652597489513601,0.7249829200591827,-9.798277824247537
-0.6847060911670062,0.7249829200591827,-9.798277824247533
-0.6041524333826527,0.7249829200591827,-9.79827782424753
-0.523598775598299,0.7249829200591827,-9.798277824247526
-0.44304511781394523,0.7249829200591827,-9.798277824247522
-0.3624914600295916,0.7249829200591827,-9.79827782424752
-0.28193780224523796,0.7249829200591827,-9.798277824247517
-0.20138414446088432,0.7249829200591827,-9.798277824247515
-0.1208304866765307,0.7249829200591827,-9.798277824247515
-0.04027682889217706,0.7249829200591827,-9.798277824247513
0.04027682889217657,0.7249829200591827,-9.798277824247513
0.12083048667653044,0.7249829200591827,-9.798277824247515
0.2013841444608841,0.7249829200591827,-9.798277824247515
0.28193780224523773,0.7249829200591827,-9.798277824247517
0.3624914600295914,0.7249829200591827,-9.79827782424752
0.44304511781394496,0.7249829200591827,-9.798277824247522
0.5235987755982986,0.7249829200591827,-9.798277824247526
0.6041524333826522,0.7249829200591827,-9.79827782424753
0.6847060911670061,0.7249829200591827,-9.798277824247533
0.7652597489513597,0.7249829200591827,-9.798277824247537
0.8458134067357134,0.7249829200591827,-9.79827782424754
0.926367064520067,0.7249829200591827,-9.798277824247545
1.0069207223044208,0.7249829200591827,-9.798277824247549
1.0874743800887743,0.7249829200591827,-9.79827782424755
1.168028037873128,0.7249829200591827,-9.798277824247554
1.2485816956574816,0.7249829200591827,-9.798277824247558
1.329135353441835,0.7249829200591827,-9.79827782424756
1.4096890112261888,0.7249829200591827,-9.798277824247561
1.4902426690105424,0.7249829200591827,-9.798277824247561
1.5707963267948966,0.7249829200591827,-9.798277824247561
-1.5707963267948966,0.8860902356278899,-9.798277824247561
-1.490242669010543,0.8860902356278899,-9.798277824247561
-1.4096890112261893,0.8860902356278899,-9.798277824247561
-1.3291353534418358,0.8860902356278899,-9.79827782424756
-1.248581695657482,0.8860902356278899,-9.798277824247558
-1.1680280378731285,0.8860902356278899,-9.798277824247554
-1.0874743800887745,0.8860902356278899,-9.79827782424755
-1.006920722304421,0.8860902356278899,-9.798277824247549
-0.9263670645200672,0.8860902356278899,-9.798277824247545
-0.8458134067357136,0.8860902356278899,-9.79827782424754
-0.7652597489513601,0.8860902356278899,-9.798277824247537
-0.6847060911670062,0.8860902356278899,-9.798277824247533
-0.6041524333826527,0.8860902356278899,-9.79827782424753
-0.523598775598299,0.8860902356278899,-9.798277824247526
-0.44304511781394523,0.8860902356278899,-9.798277824247522
-0.3624914600295916,0.8860902356278899,-9.79827782424752
-0.28193780224523796,0.8860902356278899,-9.798277824247517
-0.20138414446088432,0.8860902356278899,-9.798277824247515
-0.1208304866765307,0.8860902356278899,-9.798277824247515
-0.04027682889217706,0.8860902356278899,-9.798277824247513
0.04027682889217657,0.8860902356278899,-9.798277824247513
0.12083048667653044,0.8860902356278899,-9.798277824247515
0.2013841444608841,0.8860902356278899,-9.798277824247515
0.28193780224523773,0.8860902356278899,-9.798277824247517
0.3624914600295914,0.8860902356278899,-9.79827782424752
0.44304511781394496,0.8860902356278899,-9.798277824247522
0.5235987755982986,0.8860902356278899,-9.798277824247526
0.6041524333826522,0.8860902356278899,-9.79827782424753
0.6847060911670061,0.8860902356278899,-9.798277824247533
0.7652597489513597,0.8860902356278899,-9.798277824247537
0.8458134067357134,0.8860902356278899,-9.79827782424754
0.926367064520067,0.8860902356278899,-9.798277824247545
1.0069207223044208,0.8860902356278899,-9.798277824247549
1.0874743800887743,0.8860902356278899,-9.79827782424755
1.168028037873128,0.8860902356278899,-9.798277824247554
1.2485816956574816,0.8860902356278899,-9.798277824247558
1.329135353441835,0.8860902356278899,-9.79827782424756
1.4096890112261888,0.8860902356278899,-9.798277824247561
1.4902426690105424,0.8860902356278899,-9.798277824247561
1.5707963267948966,0.8860902356278899,-9.798277824247561
-1.5707963267948966,1.0471975511965972,-9.798277824247561
-1.490242669010543,1.0471975511965972,-9.798277824247561
-1.4096890112261893,1.0471975511965972,-9.798277824247561
-1.3291353534418358,1.0471975511965972,-9.79827782424756
-1.248581695657482,1.0471975511965972,-9.798277824247558
-1.1680280378731285,1.0471975511965972,-9.798277824247554
-1.0874743800887745,1.0471975511965972,-9.79827782424755
-1.006920722304421,1.0471975511965972,-9.798277824247549
-0.9263670645200672,1.0471975511965972,-9.798277824247545
-0.8458134067357136,1.0471975511965972,-9.79827782424754
-0.7652597489513601,1.0471975511965972,-9.798277824247537
-0.6847060911670062,1.0471975511965972,-9.798277824247533
-0.6041524333826527,1.0471975511965972,-9.79827782424753
-0.523598775598299,1.0471975511965972,-9.798277824247526
-0.44304511781394523,1.0471975511965972,-9.798277824247522
-0.3624914600295916,1.0471975511965972,-9.79827782424752
-0.28193780224523796,1.0471975511965972,-9.798277824247517
-0.20138414446088432,1.0471975511965972,-9.798277824247515
-0.1208304866765307,1.0471975511965972,-9.798277824247515
-0.04027682889217706,1.0471975511965972,-9.798277824247513
0.04027682889217657,1.0471975511965972,-9.798277824247513
0.12083048667653044,1.0471975511965972,-9.798277824247515
0.2013841444608841,1.0471975511965972,-9.798277824247515
0.28193780224523773,1.0471975511965972,-9.798277824247517
0.3624914600295914,1.0471975511965972,-9.79827782424752
0.44304511781394496,1.0471975511965972,-9.798277824247522
0.5235987755982986,1.0471975511965972,-9.798277824247526
0.6041524333826522,1.0471975511965972,-9.79827782424753
0.6847060911670061,1.0471975511965972,-9.798277824247533
0.7652597489513597,1.0471975511965972,-9.798277824247537
0.8458134067357134,1.0471975511965972,-9.79827782424754
0.926367064520067,1.0471975511965972,-9.798277824247545
1.0069207223044208,1.0471975511965972,-9.798277824247549
1.0874743800887743,1.0471975511965972,-9.79827782424755
1.168028037873128,1.0471975511965972,-9.798277824247554
1.2485816956574816,1.0471975511965972,-9.798277824247558
1.329135353441835,1.0471975511965972,-9.79827782424756
1.4096890112261888,1.0471975511965972,-9.798277824247561
1.4902426690105424,1.0471975511965972,-9.798277824247561
1.5707963267948966,1.0471975511965972,-9.798277824247561
-1.5707963267948966,1.2083048667653045,-9.798277824247561
-1.490242669010543,1.2083048667653045,-9.798277824247561
-1.4096890112261893,1.2083048667653045,-9.798277824247561
-1.3291353534418358,1.2083048667653045,-9.79827782424756
-1.248581695657482,1.2083048667653045,-9.798277824247558
-1.1680280378731285,1.2083048667653045,-9.798277824247554
-1.0874743800887745,1.2083048667653045,-9.79827782424755
-1.006920722304421,1.2083048667653045,-9.798277824247549
-0.9263670645200672,1.2083048667653045,-9.798277824247545
-0.8458134067357136,1.2083048667653045,-9.79827782424754
-0.7652597489513601,1.2083048667653045,-9.798277824247537
-0.6847060911670062,1.2083048667653045,-9.798277824247533
-0.6041524333826527,1.2083048667653045,-9.79827782424753
-0.523598775598299,1.2083048667653045,-9.798277824247526
-0.44304511781394523,1.2083048667653045,-9.798277824247522
-0.3624914600295916,1.2083048667653045,-9.79827782424752
-0.28193780224523796,1.2083048667653045,-9.798277824247517
-0.20138414446088432,1.2083048667653045,-9.798277824247515
-0.1208304866765307,1.2083048667653045,-9.798277824247515
-0.04027682889217706,1.2083048667653045,-9.798277824247513
0.04027682889217657,1.2083048667653045,-9.798277824247513
0.12083048667653044,1.2083048667653045,-9.798277824247515
0.2013841444608841,1.2083048667653045,-9.798277824247515
0.28193780224523773,1.2083048667653045,-9.798277824247517
0.3624914600295914,1.2083048667653045,-9.79827782424752
0.44304511781394496,1.2083048667653045,-9.798277824247522
0.5235987755982986,1.2083048667653045,-9.798277824247526
0.6041524333826522,1.2083048667653045,-9.79827782424753
0.6847060911670061,1.2083048667653045,-9.798277824247533
0.7652597489513597,1.2083048667653045,-9.798277824247537
0.8458134067357134,1.2083048667653045,-9.79827782424754
0.926367064520067,1.2083048667653045,-9.798277824247545
1.0069207223044208,1.2083048667653045,-9.798277824247549
1.0874743800887743,1.2083048667653045,-9.79827782424755
1.168028037873128,1.2083048667653045,-9.798277824247554
1.2485816956574816,1.2083048667653045,-9.798277824247558
1.329135353441835,1.2083048667653045,-9.79827782424756
1.4096890112261888,1.2083048667653045,-9.798277824247561
1.4902426690105424,1.2083048667653045,-9.798277824247561
1.5707963267948966,1.2083048667653045,-9.798277824247561
-1.5707963267948966,1.3694121823340122,-9.798277824247561
-1.490242669010543,1.3694121823340122,-9.798277824247561
-1.4096890112261893,1.3694121823340122,-9.798277824247561
-1.3291353534418358,1.3694121823340122,-9.79827782424756
-1.248581695657482,1.3694121823340122,-9.798277824247558
-1.1680280378731285,1.3694121823340122,-9.798277824247554
-1.0874743800887745,1.3694121823340122,-9.79827782424755
-1.006920722304421,1.3694121823340122,-9.798277824247549
-0.9263670645200672,1.3694121823340122,-9.798277824247545
-0.8458134067357136,1.3694121823340122,-9.79827782424754
-0.7652597489513601,1.3694121823340122,-9.798277824247537
-0.6847060911670062,1.3694121823340122,-9.798277824247533
-0.6041524333826527,1.3694121823340122,-9.79827782424753
-0.523598775598299,1.3694121823340122,-9.798277824247526
-0.44304511781394523,1.3694121823340122,-9.798277824247522
-0.3624914600295916,1.3694121823340122,-9.79827782424752
-0.28193780224523796,1.3694121823340122,-9.798277824247517
-0.20138414446088432,1.3694121823340122,-9.798277824247515
-0.1208304866765307,1.3694121823340122,-9.798277824247515
-0.04027682889217706,1.3694121823340122,-9.798277824247513
0.04027682889217657,1.3694121823340122,-9.798277824247513
0.12083048667653044,1.3694121823340122,-9.798277824247515
0.2013841444608841,1.3694121823340122,-9.798277824247515
0.28193780224523773,1.3694121823340122,-9.798277824247517
0.3624914600295914,1.3694121823340122,-9.79827782424752
0.44304511781394496,1.3694121823340122,-9.798277824247522
0.5235987755982986,1.3694121823340122,-9.798277824247526
0.6041524333826522,1.3694121823340122,-9.79827782424753
0.6847060911670061,1.3694121823340122,-9.798277824247533
0.7652597489513597,1.3694121823340122,-9.798277824247537
0.8458134067357134,1.3694121823340122,-9.79827782424754
0.926367064520067,1.3694121823340122,-9.798277824247545
1.0069207223044208,1.3694121823340122,-9.798277824247549
1.0874743800887743,1.3694121823340122,-9.79827782424755
1.168028037873128,1.3694121823340122,-9.798277824247554
1.2485816956574816,1.3694121823340122,-9.798277824247558
1.329135353441835,1.3694121823340122,-9.79827782424756
1.4096890112261888,1.3694121823340122,-9.798277824247561
1.4902426690105424,1.3694121823340122,-9.798277824247561
1.5707963267948966,1.3694121823340122,-9.798277824247561
-1.5707963267948966,1.5305194979027195,-9.798277824247561
-1.490242669010543,1.5305194979027195,-9.798277824247561
-1.4096890112261893,1.5305194979027195,-9.798277824247561
-1.3291353534418358,1.5305194979027195,-9.79827782424756
-1.248581695657482,1.5305194979027195,-9.798277824247558
-1.1680280378731285,1.5305194979027195,-9.798277824247554
-1.0874743800887745,1.5305194979027195,-9.79827782424755
-1.006920722304421,1.5305194979027195,-9.798277824247549
-0.9263670645200672,1.5305194979027195,-9.798277824247545
-0.8458134067357136,1.5305194979027195,-9.79827782424754
-0.7652597489513601,1.5305194979027195,-9.798277824247537
-0.6847060911670062,1.5305194979027195,-9.798277824247533
-0.6041524333826527,1.5305194979027195,-9.79827782424753
-0.523598775598299,1.5305194979027195,-9.798277824247526
-0.44304511781394523,1.5305194979027195,-9.798277824247522
-0.3624914600295916,1.5305194979027195,-9.79827782424752
-0.28193780224523796,1.5305194979027195,-9.798277824247517
-0.20138414446088432,1.5305194979027195,-9.798277824247515
-0.1208304866765307,1.5305194979027195,-9.798277824247515
-0.04027682889217706,1.5305194979027195,-9.798277824247513
0.04027682889217657,1.5305194979027195,-9.798277824247513
0.12083048667653044,1.5305194979027195,-9.798277824247515
0.2013841444608841,1.5305194979027195,-9.798277824247515
0.28193780224523773,1.5305194979027195,-9.798277824247517
0.3624914600295914,1.5305194979027195,-9.79827782424752
0.44304511781394496,1.5305194979027195,-9.798277824247522
0.5235987755982986,1.5305194979027195,-9.798277824247526
0.6041524333826522,1.5305194979027195,-9.79827782424753
0.6847060911670061,1.5305194979027195,-9.798277824247533
0.7652597489513597,1.5305194979027195,-9.798277824247537
0.8458134067357134,1.5305194979027195,-9.79827782424754
0.926367064520067,1.5305194979027195,-9.798277824247545
1.0069207223044208,1.5305194979027195,-9.798277824247549
1.0874743800887743,1.5305194979027195,-9.79827782424755
1.168028037873128,1.5305194979027195,-9.798277824247554
1.2485816956574816,1.5305194979027195,-9.798277824247558
1.329135353441835,1.5305194979027195,-9.79827782424756
1.4096890112261888,1.5305194979027195,-9.798277824247561
1.4902426690105424,1.5305194979027195,-9.798277824247561
1.5707963267948966,1.5305194979027195,-9.798277824247561
-1.5707963267948966,1.6916268134714267,-9.798277824247561
-1.490242669010543,1.6916268134714267,-9.798277824247561
-1.4096890112261893,1.6916268134714267,-9.798277824247561
-1.3291353534418358,1.6916268134714267,-9.79827782424756
-1.248581695657482,1.6916268134714267,-9.798277824247558
-1.1680280378731285,1.6916268134714267,-9.798277824247554
-1.0874743800887745,1.6916268134714267,-9.79827782424755
-1.006920722304421,1.6916268134714267,-9.798277824247549
-0.9263670645200672,1.6916268134714267,-9.798277824247545
-0.8458134067357136,1.6916268134714267,-9.79827782424754
-0.7652597489513601,1.6916268134714267,-9.798277824247537
-0.6847060911670062,1.6916268134714267,-9.798277824247533
-0.6041524333826527,1.6916268134714267,-9.79827782424753
-0.523598775598299,1.6916268134714267,-9.798277824247526
-0.44304511781394523,1.6916268134714267,-9.798277824247522
-0.3624914600295916,1.6916268134714267,-9.79827782424752
-0.28193780224523796,1.6916268134714267,-9.798277824247517
-0.20138414446088432,1.6916268134714267,-9.798277824247515
-0.1208304866765307,1.6916268134714267,-9.798277824247515
-0.04027682889217706,1.6916268134714267,-9.798277824247513
0.04027682889217657,1.6916268134714267,-9.798277824247513
0.12083048667653044,1.6916268134714267,-9.798277824247515
0.2013841444608841,1.6916268134714267,-9.798277824247515
0.28193780224523773,1.6916268134714267,-9.798277824247517
0.3624914600295914,1.6916268134714267,-9.79827782424752
0.44304511781394496,1.6916268134714267,-9.798277824247522
0.5235987755982986,1.6916268134714267,-9.798277824247526
0.6041524333826522,1.6916268134714267,-9.79827782424753
0.6847060911670061,1.6916268134714267,-9.798277824247533
0.7652597489513597,1.6916268134714267,-9.798277824247537
0.8458134067357134,1.6916268134714267,-9.79827782424754
0.926367064520067,1.6916268134714267,-9.798277824247545
1.0069207223044208,1.6916268134714267,-9.798277824247549
1.0874743800887743,1.6916268134714267,-9.79827782424755
1.168028037873128,1.6916268134714267,-9.798277824247554
1.2485816956574816,1.6916268134714267,-9.798277824247558
1.329135353441835,1.6916268134714267,-9.79827782424756
1.4096890112261888,1.6916268134714267,-9.798277824247561
1.4902426690105424,1.6916268134714267,-9.798277824247561
1.5707963267948966,1.6916268134714267,-9.798277824247561
-1.5707963267948966,1.852734129040134,-9.798277824247561
-1.490242669010543,1.852734129040134,-9.798277824247561
-1.4096890112261893,1.852734129040134,-9.798277824247561
-1.3291353534418358,1.852734129040134,-9.79827782424756
-1.248581695657482,1.852734129040134,-9.798277824247558
-1.1680280378731285,1.852734129040134,-9.798277824247554
-1.0874743800887745,1.852734129040134,-9.79827782424755
-1.006920722304421,1.852734129040134,-9.798277824247549
-0.9263670645200672,1.852734129040134,-9.798277824247545
-0.8458134067357136,1.852734129040134,-9.79827782424754
-0.7652597489513601,1.852734129040134,-9.798277824247537
-0.6847060911670062,1.852734129040134,-9.798277824247533
-0.6041524333826527,1.852734129040134,-9.79827782424753
-0.523598775598299,1.852734129040134,-9.798277824247526
-0.44304511781394523,1.852734129040134,-9.798277824247522
-0.3624914600295916,1.852734129040134,-9.79827782424752
-0.28193780224523796,1.852734129040134,-9.798277824247517
-0.20138414446088432,1.852734129040134,-9.798277824247515
-0.1208304866765307,1.852734129040134,-9.798277824247515
-0.04027682889217706,1.852734129040134,-9.798277824247513
0.04027682889217657,1.852734129040134,-9.798277824247513
0.12083048667653044,1.852734129040134,-9.798277824247515
0.2013841444608841,1.852734129040134,-9.798277824247515
0.28193780224523773,1.852734129040134,-9.798277824247517
0.3624914600295914,1.852734129040134,-9.79827782424752
0.44304511781394496,1.852734129040134,-9.798277824247522
0.5235987755982986,1.852734129040134,-9.798277824247526
0.6041524333826522,1.852734129040134,-9.79827782424753
0.6847060911670061,1.852734129040134,-9.798277824247533
0.7652597489513597,1.852734129040134,-9.798277824247537
0.8458134067357134,1.852734129040134,-9.79827782424754
0.926367064520067,1.852734129040134,-9.798277824247545
1.0069207223044208,1.852734129040134,-9.798277824247549
1.0874743800887743,1.852734129040134,-9.79827782424755
1.168028037873128,1.852734129040134,-9.798277824247554
1.2485816956574816,1.852734129040134,-9.798277824247558
1.329135353441835,1.852734129040134,-9.79827782424756
1.4096890112261888,1.852734129040134,-9.798277824247561
1.4902426690105424,1.852734129040134,-9.798277824247561
1.5707963267948966,1.852734129040134,-9.798277824247561
-1.5707963267948966,2.0138414446088415,-9.798277824247561
-1.490242669010543,2.0138414446088415,-9.798277824247561
-1.4096890112261893,2.0138414446088415,-9.798277824247561
-1.3291353534418358,2.0138414446088415,-9.79827782424756
-1.248581695657482,2.0138414446088415,-9.798277824247558
-1.1680280378731285,2.0138414446088415,-9.798277824247554
-1.0874743800887745,2.0138414446088415,-9.79827782424755
-1.006920722304421,2.0138414446088415,-9.798277824247549
-0.9263670645200672,2.0138414446088415,-9.798277824247545
-0.8458134067357136,2.0138414446088415,-9.79827782424754
-0.7652597489513601,2.0138414446088415,-9.798277824247537
-0.6847060911670062,2.0138414446088415,-9.798277824247533
-0.6041524333826527,2.0138414446088415,-9.79827782424753
-0.523598775598299,2.0138414446088415,-9.798277824247526
-0.44304511781394523,2.0138414446088415,-9.798277824247522
-0.3624914600295916,2.0138414446088415,-9.79827782424752
-0.28193780224523796,2.0138414446088415,-9.798277824247517
-0.20138414446088432,2.0138414446088415,-9.798277824247515
-0.1208304866765307,2.0138414446088415,-9.798277824247515
-0.04027682889217706,2.0138414446088415,-9.798277824247513
0.04027682889217657,2.0138414446088415,-9.798277824247513
0.12083048667653044,2.0138414446088415,-9.798277824247515
0.2013841444608841,2.0138414446088415,-9.798277824247515
0.28193780224523773,2.0138414446088415,-9.798277824247517
0.3624914600295914,2.0138414446088415,-9.79827782424752
0.44304511781394496,2.0138414446088415,-9.798277824247522
0.5235987755982986,2.0138414446088415,-9.798277824247526
0.6041524333826522,2.0138414446088415,-9.79827782424753
0.6847060911670061,2.0138414446088415,-9.798277824247533
0.7652597489513597,2.0138414446088415,-9.798277824247537
0.8458134067357134,2.0138414446088415,-9.79827782424754
0.926367064520067,2.0138414446088415,-9.798277824247545
1.0069207223044208,2.0138414446088415,-9.798277824247549
1.0874743800887743,2.0138414446088415,-9.79827782424755
1.168028037873128,2.0138414446088415,-9.798277824247554
1.2485816956574816,2.0138414446088415,-9.798277824247558
1.329135353441835,2.0138414446088415,-9.79827782424756
1.4096890112261888,2.0138414446088415,-9.798277824247561
1.4902426690105424,2.0138414446088415,-9.798277824247561
1.5707963267948966,2.0138414446088415,-9.798277824247561
-1.5707963267948966,2.1749487601775486,-9.798277824247561
-1.490242669010543,2.1749487601775486,-9.798277824247561
-1.4096890112261893,2.1749487601775486,-9.798277824247561
-1.3291353534418358,2.1749487601775486,-9.79827782424756
-1.248581695657482,2.1749487601775486,-9.798277824247558
-1.1680280378731285,2.1749487601775486,-9.798277824247554
-1.0874743800887745,2.1749487601775486,-9.79827782424755
-1.006920722304421,2.1749487601775486,-9.798277824247549
-0.9263670645200672,2.1749487601775486,-9.798277824247544
-0.8458134067357136,2.1749487601775486,-9.79827782424754
-0.7652597489513601,2.1749487601775486,-9.798277824247537
-0.6847060911670062,2.1749487601775486,-9.798277824247533
-0.6041524333826527,2.1749487601775486,-9.79827782424753
-0.523598775598299,2.1749487601775486,-9.798277824247526
-0.44304511781394523,2.1749487601775486,-9.798277824247522
-0.3624914600295916,2.1749487601775486,-9.79827782424752
-0.28193780224523796,2.1749487601775486,-9.798277824247517
-0.20138414446088432,2.1749487601775486,-9.798277824247515
-0.1208304866765307,2.1749487601775486,-9.798277824247515
-0.04027682889217706,2.1749487601775486,-9.798277824247513
0.04027682889217657,2.1749487601775486,-9.798277824247513
0.12083048667653044,2.1749487601775486,-9.798277824247515
0.2013841444608841,2.1749487601775486,-9.798277824247515
0.28193780224523773,2.1749487601775486,-9.798277824247517
0.3624914600295914,2.1749487601775486,-9.79827782424752
0.44304511781394496,2.1749487601775486,-9.798277824247522
0.5235987755982986,2.1749487601775486,-9.798277824247526
0.6041524333826522,2.1749487601775486,-9.79827782424753
0.6847060911670061,2.1749487601775486,-9.798277824247533
0.7652597489513597,2.1749487601775486,-9.798277824247537
0.8458134067357134,2.1749487601775486,-9.79827782424754
0.926367064520067,2.1749487601775486,-9.798277824247544
1.0069207223044208,2.1749487601775486,-9.798277824247549
1.0874743800887743,2.1749487601775486,-9.79827782424755
1.168028037873128,2.1749487601775486,-9.798277824247554
1.2485816956574816,2.1749487601775486,-9.798277824247558
1.329135353441835,2.1749487601775486,-9.79827782424756
1.4096890112261888,2.1749487601775486,-9.798277824247561
1.4902426690105424,2.1749487601775486,-9.798277824247561
1.5707963267948966,2.1749487601775486,-9.798277824247561
-1.5707963267948966,2.336056075746256,-9.798277824247561
-1.490242669010543,2.336056075746256,-9.798277824247561
-1.4096890112261893,2.336056075746256,-9.798277824247561
-1.3291353534418358,2.336056075746256,-9.79827782424756
-1.248581695657482,2.336056075746256,-9.798277824247558
-1.1680280378731285,2.336056075746256,-9.798277824247554
-1.0874743800887745,2.336056075746256,-9.79827782424755
-1.006920722304421,2.336056075746256,-9.798277824247549
-0.9263670645200672,2.336056075746256,-9.798277824247544
-0.8458134067357136,2.336056075746256,-9.79827782424754
-0.7652597489513601,2.336056075746256,-9.798277824247537
-0.6847060911670062,2.336056075746256,-9.798277824247533
-0.6041524333826527,2.336056075746256,-9.79827782424753
-0.523598775598299,2.336056075746256,-9.798277824247526
-0.44304511781394523,2.336056075746256,-9.798277824247522
-0.3624914600295916,2.336056075746256,-9.79827782424752
-0.28193780224523796,2.336056075746256,-9.798277824247517
-0.20138414446088432,2.336056075746256,-9.798277824247515
-0.1208304866765307,2.336056075746256,-9.798277824247515
-0.04027682889217706,2.336056075746256,-9.798277824247513
0.04027682889217657,2.336056075746256,-9.798277824247513
0.12083048667653044,2.336056075746256,-9.798277824247515
0.2013841444608841,2.336056075746256,-9.798277824247515
0.28193780224523773,2.336056075746256,-9.798277824247517
0.3624914600295914,2.336056075746256,-9.79827782424752
0.44304511781394496,2.336056075746256,-9.798277824247522
0.5235987755982986,2.336056075746256,-9.798277824247526
0.6041524333826522,2.336056075746256,-9.79827782424753
0.6847060911670061,2.336056075746256,-9.798277824247533
0.7652597489513597,2.336056075746256,-9.798277824247537
0.8458134067357134,2.336056075746256,-9.79827782424754
0.926367064520067,2.336056075746256,-9.798277824247544
1.0069207223044208,2.336056075746256,-9.798277824247549
1.0874743800887743,2.336056075746256,-9.79827782424755
1.168028037873128,2.336056075746256,-9.798277824247554
1.2485816956574816,2.336056075746256,-9.798277824247558
1.329135353441835,2.336056075746256,-9.79827782424756
1.4096890112261888,2.336056075746256,-9.798277824247561
1.4902426690105424,2.336056075746256,-9.798277824247561
1.5707963267948966,2.336056075746256,-9.798277824247561
-1.5707963267948966,2.497163391314963,-9.798277824247561
-1.490242669010543,2.497163391314963,-9.798277824247561
-1.4096890112261893,2.497163391314963,-9.798277824247561
-1.3291353534418358,2.497163391314963,-9.79827782424756
-1.248581695657482,2.497163391314963,-9.798277824247556
-1.1680280378731285,2.497163391314963,-9.798277824247554
-1.0874743800887745,2.497163391314963,-9.79827782424755
-1.006920722304421,2.497163391314963,-9.798277824247549
-0.9263670645200672,2.497163391314963,-9.798277824247544
-0.8458134067357136,2.497163391314963,-9.79827782424754
-0.7652597489513601,2.497163391314963,-9.798277824247537
-0.6847060911670062,2.497163391314963,-9.798277824247533
-0.6041524333826527,2.497163391314963,-9.79827782424753
-0.523598775598299,2.497163391314963,-9.798277824247526
-0.44304511781394523,2.497163391314963,-9.798277824247522
-0.3624914600295916,2.497163391314963,-9.79827782424752
-0.28193780224523796,2.497163391314963,-9.798277824247517
-0.20138414446088432,2.497163391314963,-9.798277824247515
-0.1208304866765307,2.497163391314963,-9.798277824247515
-0.04027682889217706,2.497163391314963,-9.798277824247513
0.04027682889217657,2.497163391314963,-9.798277824247513
0.12083048667653044,2.497163391314963,-9.798277824247515
0.2013841444608841,2.497163391314963,-9.798277824247515
0.28193780224523773,2.497163391314963,-9.798277824247517
0.3624914600295914,2.497163391314963,-9.79827782424752
0.44304511781394496,2.497163391314963,-9.798277824247522
0.5235987755982986,2.497163391314963,-9.798277824247526
0.6041524333826522,2.497163391314963,-9.79827782424753
0.6847060911670061,2.497163391314963,-9.798277824247533
0.7652597489513597,2.497163391314963,-9.798277824247537
0.8458134067357134,2.497163391314963,-9.79827782424754
0.926367064520067,2.497163391314963,-9.798277824247544
1.0069207223044208,2.497163391314963,-9.798277824247549
1.0874743800887743,2.497163391314963,-9.79827782424755
1.168028037873128,2.497163391314963,-9.798277824247554
1.2485816956574816,2.497163391314963,-9.798277824247556
1.329135353441835,2.497163391314963,-9.79827782424756
1.4096890112261888,2.497163391314963,-9.798277824247561
1.4902426690105424,2.497163391314963,-9.798277824247561
1.5707963267948966,2.497163391314963,-9.798277824247561
-1.5707963267948966,2.65827070688367,-9.798277824247561
-1.490242669010543,2.65827070688367,-9.798277824247561
-1.4096890112261893,2.65827070688367,-9.798277824247561
-1.3291353534418358,2.65827070688367,-9.79827782424756
-1.248581695657482,2.65827070688367,-9.798277824247556
-1.1680280378731285,2.65827070688367,-9.798277824247554
-1.0874743800887745,2.65827070688367,-9.79827782424755
-1.006920722304421,2.65827070688367,-9.798277824247549
-0.9263670645200672,2.65827070688367,-9.798277824247544
-0.8458134067357136,2.65827070688367,-9.79827782424754
-0.7652597489513601,2.65827070688367,-9.798277824247537
-0.6847060911670062,2.65827070688367,-9.798277824247533
-0.6041524333826527,2.65827070688367,-9.79827782424753
-0.523598775598299,2.65827070688367,-9.798277824247526
-0.44304511781394523,2.65827070688367,-9.798277824247522
-0.3624914600295916,2.65827070688367,-9.79827782424752
-0.28193780224523796,2.65827070688367,-9.798277824247517
-0.20138414446088432,2.65827070688367,-9.798277824247515
-0.1208304866765307,2.65827070688367,-9.798277824247515
-0.04027682889217706,2.65827070688367,-9.798277824247513
0.04027682889217657,2.65827070688367,-9.798277824247513
0.12083048667653044,2.65827070688367,-9.798277824247515
0.2013841444608841,2.65827070688367,-9.798277824247515
0.28193780224523773,2.65827070688367,-9.798277824247517
0.3624914600295914,2.65827070688367,-9.79827782424752
0.44304511781394496,2.65827070688367,-9.798277824247522
0.5235987755982986,2.65827070688367,-9.798277824247526
0.6041524333826522,2.65827070688367,-9.79827782424753
0.6847060911670061,2.65827070688367,-9.798277824247533
0.7652597489513597,2.65827070688367,-9.798277824247537
0.8458134067357134,2.65827070688367,-9.79827782424754
0.926367064520067,2.65827070688367,-9.798277824247544
1.0069207223044208,2.65827070688367,-9.798277824247549
1.0874743800887743,2.65827070688367,-9.79827782424755
1.168028037873128,2.65827070688367,-9.798277824247554
1.2485816956574816,2.65827070688367,-9.798277824247556
1.329135353441835,2.65827070688367,-9.79827782424756
1.4096890112261888,2.65827070688367,-9.798277824247561
1.4902426690105424,2.65827070688367,-9.798277824247561
1.5707963267948966,2.65827070688367,-9.798277824247561
-1.5707963267948966,2.8193780224523777,-9.798277824247561
-1.490242669010543,2.8193780224523777,-9.798277824247561
-1.4096890112261893,2.8193780224523777,-9.798277824247561
-1.3291353534418358,2.8193780224523777,-9.79827782424756
-1.248581695657482,2.8193780224523777,-9.798277824247556
-1.1680280378731285,2.8193780224523777,-9.798277824247554
-1.0874743800887745,2.8193780224523777,-9.79827782424755
-1.006920722304421,2.8193780224523777,-9.798277824247547
-0.9263670645200672,2.8193780224523777,-9.798277824247544
-0.8458134067357136,2.8193780224523777,-9.79827782424754
-0.7652597489513601,2.8193780224523777,-9.798277824247537
-0.6847060911670062,2.8193780224523777,-9.798277824247533
-0.6041524333826527,2.8193780224523777,-9.79827782424753
-0.523598775598299,2.8193780224523777,-9.798277824247526
-0.44304511781394523,2.8193780224523777,-9.798277824247522
-0.3624914600295916,2.8193780224523777,-9.79827782424752
-0.28193780224523796,2.8193780224523777,-9.798277824247517
-0.20138414446088432,2.8193780224523777,-9.798277824247515
-0.1208304866765307,2.8193780224523777,-9.798277824247515
-0.04027682889217706,2.8193780224523777,-9.798277824247513
0.04027682889217657,2.8193780224523777,-9.798277824247513
0.12083048667653044,2.8193780224523777,-9.798277824247515
0.2013841444608841,2.8193780224523777,-9.798277824247515
0.28193780224523773,2.8193780224523777,-9.798277824247517
0.3624914600295914,2.8193780224523777,-9.79827782424752
0.44304511781394496,2.8193780224523777,-9.798277824247522
0.5235987755982986,2.8193780224523777,-9.798277824247526
0.6041524333826522,2.8193780224523777,-9.79827782424753
0.6847060911670061,2.8193780224523777,-9.798277824247533
0.7652597489513597,2.8193780224523777,-9.798277824247537
0.8458134067357134,2.8193780224523777,-9.79827782424754
0.926367064520067,2.8193780224523777,-9.798277824247544
1.0069207223044208,2.8193780224523777,-9.798277824247547
1.0874743800887743,2.8193780224523777,-9.79827782424755
1.168028037873128,2.8193780224523777,-9.798277824247554
1.2485816956574816,2.8193780224523777,-9.798277824247556
1.329135353441835,2.8193780224523777,-9.79827782424756
1.4096890112261888,2.8193780224523777,-9.798277824247561
1.4902426690105424,2.8193780224523777,-9.798277824247561
1.5707963267948966,2.8193780224523777,-9.798277824247561
-1.5707963267948966,2.9804853380210847,-9.798277824247561
-1.490242669010543,2.9804853380210847,-9.798277824247561
-1.4096890112261893,2.9804853380210847,-9.798277824247561
-1.3291353534418358,2.9804853380210847,-9.79827782424756
-1.248581695657482,2.9804853380210847,-9.798277824247556
-1.1680280378731285,2.9804853380210847,-9.798277824247554
-1.0874743800887745,2.9804853380210847,-9.79827782424755
-1.006920722304421,2.9804853380210847,-9.798277824247547
-0.9263670645200672,2.9804853380210847,-9.798277824247544
-0.8458134067357136,2.9804853380210847,-9.79827782424754
-0.7652597489513601,2.9804853380210847,-9.798277824247537
-0.6847060911670062,2.9804853380210847,-9.798277824247533
-0.6041524333826527,2.9804853380210847,-9.79827782424753
-0.523598775598299,2.9804853380210847,-9.798277824247526
-0.44304511781394523,2.9804853380210847,-9.798277824247522
-0.3624914600295916,2.9804853380210847,-9.79827782424752
-0.28193780224523796,2.9804853380210847,-9.798277824247517
-0.20138414446088432,2.9804853380210847,-9.798277824247515
-0.1208304866765307,2.9804853380210847,-9.798277824247515
-0.04027682889217706,2.9804853380210847,-9.798277824247513
0.04027682889217657,2.9804853380210847,-9.798277824247513
0.12083048667653044,2.9804853380210847,-9.798277824247515
0.2013841444608841,2.9804853380210847,-9.798277824247515
0.28193780224523773,2.9804853380210847,-9.798277824247517
0.3624914600295914,2.9804853380210847,-9.79827782424752
0.44304511781394496,2.9804853380210847,-9.798277824247522
0.5235987755982986,2.9804853380210847,-9.798277824247526
0.6041524333826522,2.9804853380210847,-9.79827782424753
0.6847060911670061,2.9804853380210847,-9.798277824247533
0.7652597489513597,2.9804853380210847,-9.798277824247537
0.8458134067357134,2.9804853380210847,-9.79827782424754
0.926367064520067,2.9804853380210847,-9.798277824247544
1.0069207223044208,2.9804853380210847,-9.798277824247547
1.0874743800887743,2.9804853380210847,-9.79827782424755
1.168028037873128,2.9804853380210847,-9.798277824247554
1.2485816956574816,2.9804853380210847,-9.798277824247556
1.329135353441835,2.9804853380210847,-9.79827782424756
1.4096890112261888,2.9804853380210847,-9.798277824247561
1.4902426690105424,2.9804853380210847,-9.798277824247561
1.5707963267948966,2.9804853380210847,-9.798277824247561
-1.5707963267948966,3.141592653589793,-9.798277824247561
-1.490242669010543,3.141592653589793,-9.798277824247561
-1.4096890112261893,3.141592653589793,-9.798277824247561
-1.3291353534418358,3.141592653589793,-9.79827782424756
-1.248581695657482,3.141592653589793,-9.798277824247556
-1.1680280378731285,3.141592653589793,-9.798277824247554
-1.0874743800887745,3.141592653589793,-9.79827782424755
-1.006920722304421,3.141592653589793,-9.798277824247549
-0.9263670645200672,3.141592653589793,-9.798277824247544
-0.8458134067357136,3.141592653589793,-9.79827782424754
-0.7652597489513601,3.141592653589793,-9.798277824247537
-0.6847060911670062,3.141592653589793,-9.798277824247533
-0.6041524333826527,3.141592653589793,-9.79827782424753
-0.523598775598299,3.141592653589793,-9.798277824247526
-0.44304511781394523,3.141592653589793,-9.798277824247522
-0.3624914600295916,3.141592653589793,-9.79827782424752
-0.28193780224523796,3.141592653589793,-9.798277824247517
-0.20138414446088432,3.141592653589793,-9.798277824247515
-0.1208304866765307,3.141592653589793,-9.798277824247515
-0.04027682889217706,3.141592653589793,-9.798277824247513
0.04027682889217657,3.141592653589793,-9.798277824247513
0.12083048667653044,3.141592653589793,-9.798277824247515
0.2013841444608841,3.141592653589793,-9.798277824247515
0.28193780224523773,3.141592653589793,-9.798277824247517
0.3624914600295914,3.141592653589793,-9.79827782424752
0.44304511781394496,3.141592653589793,-9.798277824247522
0.5235987755982986,3.141592653589793,-9.798277824247526
0.6041524333826522,3.141592653589793,-9.79827782424753
0.6847060911670061,3.141592653589793,-9.798277824247533
0.7652597489513597,3.141592653589793,-9.798277824247537
0.8458134067357134,3.141592653589793,-9.79827782424754
0.926367064520067,3.141592653589793,-9.798277824247544
1.0069207223044208,3.141592653589793,-9.798277824247549
1.0874743800887743,3.141592653589793,-9.79827782424755
1.168028037873128,3.141592653589793,-9.798277824247554
1.2485816956574816,3.141592653589793,-9.798277824247556
1.329135353441835,3.141592653589793,-9.79827782424756
1.4096890112261888,3.141592653589793,-9.798277824247561
1.4902426690105424,3.141592653589793,-9.798277824247561
1.5707963267948966,3.141592653589793,-9.798277824247561
